@variables: it residual
           1   2.50761563571070     
           2   2.48338683817526     
           3   2.45987274377958     
           4   2.43706956750510     
           5   2.41497173781549     
           6   2.39357194504712     
           7   2.37286120787036     
           8   2.35282895626784     
           9   2.33346312921019     
          10   2.31475028499718     
          11   2.29667572207141     
          12   2.27922360800540     
          13   2.26237711431315     
          14   2.24611855474560     
          15   2.23042952479752     
          16   2.21529104027619     
          17   2.20068367295569     
          18   2.18658768155438     
          19   2.17298313651715     
          20   2.15985003734699     
          21   2.14716842150022     
          22   2.13491846412623     
          23   2.12308056818691     
          24   2.11163544472596     
          25   2.10056418326827     
          26   2.08984831251214     
          27   2.07946985162983     
          28   2.06941135261553     
          29   2.05965593421460     
          30   2.05018730803640     
          31   2.04098979749759     
          32   2.03204835026632     
          33   2.02334854488327     
          34   2.01487659222637     
          35   2.00661933246510     
          36   1.99856422811978     
          37   1.99069935380487     
          38   1.98301338319338     
          39   1.97549557369579     
          40   1.96813574930167     
          41   1.96092428198655     
          42   1.95385207204308     
          43   1.94691052765280     
          44   1.94009154397479     
          45   1.93338748199047     
          46   1.92679114730894     
          47   1.92029576910613     
          48   1.91389497934243     
          49   1.90758279237795     
          50   1.90135358508193     
          51   1.89520207751281     
          52   1.88912331422781     
          53   1.88311264626587     
          54   1.87716571383443     
          55   1.87127842971949     
          56   1.86544696342882     
          57   1.85966772607022     
          58   1.85393735595996     
          59   1.84825270495149     
          60   1.84261082546955     
          61   1.83700895823183     
          62   1.83144452063735     
          63   1.82591509579872     
          64   1.82055087053582     
          65   1.81506448643909     
          66   1.80960884574767     
          67   1.80418191368076     
          68   1.79878178955756     
          69   1.79340669816470     
          70   1.78805498163912     
          71   1.78272509184227     
          72   1.77741558320186     
          73   1.77212510599719     
          74   1.76685240006499     
          75   1.76159628890258     
          76   1.75635567414651     
          77   1.75112953040491     
          78   1.74591690042324     
          79   1.74071689056334     
          80   1.73552866657715     
          81   1.73035144965692     
          82   1.72518451274480     
          83   1.72002717708572     
          84   1.71487880900796     
          85   1.70973881691708     
          86   1.70460664848947     
          87   1.69948178805253     
          88   1.69436375413947     
          89   1.68925209720721     
          90   1.68414639750674     
          91   1.67904626309583     
          92   1.67395132798475     
          93   1.66886125040610     
          94   1.66377571120046     
          95   1.65869441231032     
          96   1.65361707537482     
          97   1.64854344041863     
          98   1.64347326462882     
          99   1.63840632121353     
         100   1.63334239833718     
         101   1.62828129812695     
         102   1.62322283574578     
         103   1.61816683852739     
         104   1.61311314516918     
         105   1.60806160497909     
         106   1.60301207717273     
         107   1.59796443021755     
         108   1.59291854122070     
         109   1.58787429535775     
         110   1.58283158533953     
         111   1.57779031091445     
         112   1.57275037840397     
         113   1.56771170026898     
         114   1.56267419470502     
         115   1.55763778526437     
         116   1.55260240050332     
         117   1.54756797365271     
         118   1.54253444231045     
         119   1.53750174815434     
         120   1.53246983667395     
         121   1.52743865692023     
         122   1.52240816127166     
         123   1.51737830521593     
         124   1.51234904714596     
         125   1.50732034816943     
         126   1.50229217193087     
         127   1.49726448444548     
         128   1.49223725394392     
         129   1.48721045072728     
         130   1.48218404703166     
         131   1.47715801690156     
         132   1.47213233607173     
         133   1.46710698185667     
         134   1.46208193304742     
         135   1.45705716981518     
         136   1.45203267362118     
         137   1.44700842713250     
         138   1.44198441414339     
         139   1.43696061950177     
         140   1.43193702904055     
         141   1.42691362951339     
         142   1.42189040853470     
         143   1.41686735452362     
         144   1.41184445665156     
         145   1.40682170479321     
         146   1.40179908948082     
         147   1.39677660186135     
         148   1.39175423365649     
         149   1.38673197712528     
         150   1.38170982502918     
         151   1.37668777059934     
         152   1.37166580750614     
         153   1.36664392983059     
         154   1.36162213203767     
         155   1.35660040895138     
         156   1.35157875573139     
         157   1.34655716785128     
         158   1.34153564107812     
         159   1.33651417145343     
         160   1.33149275527537     
         161   1.32647138908205     
         162   1.32145006963599     
         163   1.31642879390954     
         164   1.31140755907127     
         165   1.30638636247323     
         166   1.30136520163905     
         167   1.29634407425284     
         168   1.29132297814874     
         169   1.28630191130120     
         170   1.28128087181592     
         171   1.27625985792127     
         172   1.27123886796042     
         173   1.26621790038382     
         174   1.26119695374230     
         175   1.25617602668055     
         176   1.25115511793102     
         177   1.24613422630824     
         178   1.24111335070354     
         179   1.23609249008001     
         180   1.23107164346789     
         181   1.22605080996022     
         182   1.22102998870875     
         183   1.21600917892015     
         184   1.21098837985247     
         185   1.20596759081177     
         186   1.20094681114906     
         187   1.19592604025734     
         188   1.19090527756892     
         189   1.18588452255286     
         190   1.18086377471258     
         191   1.17584303358365     
         192   1.17082229873170     
         193   1.16580156975047     
         194   1.16078084626002     
         195   1.15576012790496     
         196   1.15073941435295     
         197   1.14571870529313     
         198   1.14069800043477     
         199   1.13567729950596     
         200   1.13065660225237     
         201   1.12563590843615     
         202   1.12061521783485     
         203   1.11559453024039     
         204   1.11057384545817     
         205   1.10555316330620     
         206   1.10053248361425     
         207   1.09551180622310     
         208   1.09049113098385     
         209   1.08547045775724     
         210   1.08044978641301     
         211   1.07542911682934     
         212   1.07040844889227     
         213   1.06538778249524     
         214   1.06036711753859     
         215   1.05534645392909     
         216   1.05032579157955     
         217   1.04530513040843     
         218   1.04028447033945     
         219   1.03526381130130     
         220   1.03024315322724     
         221   1.02522249605489     
         222   1.02020183972588     
         223   1.01518118418562     
         224   1.01016052938307     
         225   1.00513987527048     
         226   1.00011922180320     
         227  0.995098568939448     
         228  0.990077916640169     
         229  0.985057264868825     
         230  0.980036613591243     
         231  0.975015962775466     
         232  0.969995312391602     
         233  0.964974662411694     
         234  0.959954012809593     
         235  0.954933363560846     
         236  0.949912714642579     
         237  0.944892066033399     
         238  0.939871417713299     
         239  0.934850769663567     
         240  0.929830121866701     
         241  0.924809474306331     
         242  0.919788826967148     
         243  0.914768179834834     
         244  0.909747532895997     
         245  0.904726886138112     
         246  0.899706239549464     
         247  0.894685593119098     
         248  0.889664946836768     
         249  0.884644300692888     
         250  0.879623654678494     
         251  0.874603008785204     
         252  0.869582363005179     
         253  0.864561717331084     
         254  0.859541071756061     
         255  0.854520426273696     
         256  0.849499780877989     
         257  0.844479135563331     
         258  0.839458490324473     
         259  0.834437845156507     
         260  0.829417200054844     
         261  0.824396555015189     
         262  0.819375910033529     
         263  0.814355265106105     
         264  0.809334620229410     
         265  0.804313975400155     
         266  0.799293330615269     
         267  0.794272685871880     
         268  0.789252041167299     
         269  0.784231396499015     
         270  0.779210751864678     
         271  0.774190107262087     
         272  0.769169462689187     
         273  0.764148818144056     
         274  0.759128173624896     
         275  0.754107529130022     
         276  0.749086884657863     
         277  0.744066240206946     
         278  0.739045595775899     
         279  0.734024951363433     
         280  0.729004306968344     
         281  0.723983662589508     
         282  0.718963018225871     
         283  0.713942373876450     
         284  0.708921729540322     
         285  0.703901085216627     
         286  0.698880440904560     
         287  0.693859796603368     
         288  0.688839152312346     
         289  0.683818508030834     
         290  0.678750212153998     
         291  0.673733993454380     
         292  0.668717408687405     
         293  0.663700489388865     
         294  0.658683264275294     
         295  0.653665759503433     
         296  0.648647998905305     
         297  0.643630004201199     
         298  0.638611795192695     
         299  0.633593389937627     
         300  0.628574804908712     
         301  0.623556055137363     
         302  0.618537154344150     
         303  0.613518115057118     
         304  0.608498948719160     
         305  0.603479665785435     
         306  0.598460275811815     
         307  0.593440787535151     
         308  0.588421208946207     
         309  0.583401547355862     
         310  0.578381809455278     
         311  0.573362001370560     
         312  0.568342128712458     
         313  0.563322196621532     
         314  0.558302209809235     
         315  0.553282172595283     
         316  0.548262088941650     
         317  0.543241962483501     
         318  0.538221796557375     
         319  0.533201594226827     
         320  0.528181358305777     
         321  0.523161091379814     
         322  0.518140795825579     
         323  0.513120473828452     
         324  0.508100127398674     
         325  0.503079758386068     
         326  0.498059368493458     
         327  0.493038959288904     
         328  0.488018532216905     
         329  0.482998088608610     
         330  0.477977629691152     
         331  0.472957156596175     
         332  0.467936670367638     
         333  0.462916171968946     
         334  0.457895662289476     
         335  0.452875142150544     
         336  0.447854612310881     
         337  0.442834073471635     
         338  0.437813526280965     
         339  0.432792971338219     
         340  0.427772409197831     
         341  0.422751840372821     
         342  0.417731265338061     
         343  0.412710684533227     
         344  0.407690098365557     
         345  0.402669507212342     
         346  0.397648911423247     
         347  0.392628311322420     
         348  0.387607707210449     
         349  0.382587099366140     
         350  0.377566488048184     
         351  0.372545873496669     
         352  0.367525255934480     
         353  0.362504635568576     
         354  0.357484012591189     
         355  0.352463387180919     
         356  0.347442759503726     
         357  0.342422129713883     
         358  0.337401497954814     
         359  0.332380864359906     
         360  0.327360229053223     
         361  0.322339592150202     
         362  0.317318953758251     
         363  0.312298313977354     
         364  0.307277672900576     
         365  0.302257030614601     
         366  0.297236387200130     
         367  0.292215742732364     
         368  0.287195097281346     
         369  0.282174450912360     
         370  0.277153803686248     
         371  0.272133155659719     
         372  0.267112506885647     
         373  0.262091857413341     
         374  0.257071207288784     
         375  0.252050556554867     
         376  0.247029905251611     
         377  0.242009253416340     
         378  0.236988601083902     
         379  0.231967948286808     
         380  0.226947295055415     
         381  0.221926641418059     
         382  0.216905987401189     
         383  0.211885333029509     
         384  0.206864678326084     
         385  0.201844023312470     
         386  0.196823368008791     
         387  0.191802712433842     
         388  0.186782056605197     
         389  0.181761400539259     
         390  0.176740744251375     
         391  0.171720087755872     
         392  0.166699431066144     
         393  0.161678774194722     
         394  0.156658117153301     
         395  0.151637459952830     
         396  0.146616802603538     
         397  0.141596145114995     
         398  0.136575487496143     
         399  0.131554829755349     
         400  0.126534171900426     
         401  0.121513513938706     
         402  0.116492855877023     
         403  0.111472197721777     
         404  0.106451539478948     
         405  0.101430881154158     
         406  9.641022275263329E-002
         407  9.138956427928163E-002
         408  8.636890573868902E-002
         409  8.134824713516225E-002
         410  7.632758847270477E-002
         411  7.130692975507419E-002
         412  6.628627098578785E-002
         413  6.126561216813266E-002
         414  5.624495330520682E-002
         415  5.122429439987993E-002
         416  4.620363545485498E-002
         417  4.118297647266168E-002
         418  3.616231745564535E-002
         419  3.114165840604875E-002
         420  2.612099932593690E-002
         421  2.110034021723991E-002
         422  1.607968108176790E-002
         423  1.105902192123915E-002
         424  6.038362737229486E-003
         425  1.017703531246636E-003
         426 -4.002955695330174E-003
         427 -9.023614941175730E-003
         428 -1.404427420509356E-002
         429 -1.906493348591482E-002
         430 -2.408559278258077E-002
         431 -2.910625209408854E-002
         432 -3.412691141947645E-002
         433 -3.914757075788888E-002
         434 -4.416823010849245E-002
         435 -4.918888947051042E-002
         436 -5.420954884322060E-002
         437 -5.923020822595634E-002
         438 -6.425086761806129E-002
         439 -6.927152701896570E-002
         440 -7.429218642810589E-002
         441 -7.931284584494315E-002
         442 -8.433350526901309E-002
         443 -8.935416469985182E-002
         444 -9.437482413701714E-002
         445 -9.939548358011709E-002
         446 -0.104416143028781     
         447 -0.109436802482663     
         448 -0.114457461941419     
         449 -0.119478121404746     
         450 -0.124498780872358     
         451 -0.129519440343989     
         452 -0.134540099819378     
         453 -0.139560759298291     
         454 -0.144581418780509     
         455 -0.149602078265798     
         456 -0.154622737753982     
         457 -0.159643397244895     
         458 -0.164664056738324     
         459 -0.169684716234149     
         460 -0.174705375732192     
         461 -0.179726035232334     
         462 -0.184746694734421     
         463 -0.189767354238359     
         464 -0.194788013744000     
         465 -0.199808673251250     
         466 -0.204829332760030     
         467 -0.209849992270189     
         468 -0.214870651781687     
         469 -0.219891311294437     
         470 -0.224911970808332     
         471 -0.229932630323336     
         472 -0.234953289839321     
         473 -0.239973949356293     
         474 -0.244994608874150     
         475 -0.250015268392838     
         476 -0.255035927912330     
         477 -0.260056587432557     
         478 -0.265077246953459     
         479 -0.270097906475007     
         480 -0.275118565997156     
         481 -0.280139225519878     
         482 -0.285159885043141     
         483 -0.290180544566871     
         484 -0.295201204091081     
         485 -0.300221863615737     
         486 -0.305242523140796     
         487 -0.310263182666238     
         488 -0.315283842192038     
         489 -0.320304501718188     
         490 -0.325325161244656     
         491 -0.330345820771404     
         492 -0.335366480298433     
         493 -0.340387139825719     
         494 -0.345407799353251     
         495 -0.350428458880984     
         496 -0.355449118408935     
         497 -0.360469777937101     
         498 -0.365490437465461     
         499 -0.370511096993980     
         500 -0.375531756522654     
         501 -0.380552416051523     
         502 -0.385573075580531     
         503 -0.390593735109660     
         504 -0.395614394638906     
         505 -0.400635054168272     
         506 -0.405655713697754     
         507 -0.410676373227358     
         508 -0.415697032757053     
         509 -0.420717692286828     
         510 -0.425738351816686     
         511 -0.430759011346633     
         512 -0.435779670876672     
         513 -0.440800330406753     
         514 -0.445820989936901     
         515 -0.450841649467093     
         516 -0.455862308997374     
         517 -0.460882968527680     
         518 -0.465903628058079     
         519 -0.470924287588530     
         520 -0.475944947119000     
         521 -0.480965606649520     
         522 -0.485986266180068     
         523 -0.491006925710648     
         524 -0.496027585241271     
         525 -0.501048244771926     
         526 -0.506068904302612     
         527 -0.511089563833325     
         528 -0.516110223364092     
         529 -0.521130882894874     
         530 -0.526151542425676     
         531 -0.531172201956481     
         532 -0.536192861487305     
         533 -0.541213521018138     
         534 -0.546234180548991     
         535 -0.551254840079840     
         536 -0.556275499610730     
         537 -0.561296159141658     
         538 -0.566316818672605     
         539 -0.571337478203541     
         540 -0.576358137734494     
         541 -0.581378797265457     
         542 -0.586399456796442     
         543 -0.591420116327431     
         544 -0.596440775858456     
         545 -0.601461435389482     
         546 -0.606482094920465     
         547 -0.611502754451491     
         548 -0.616523413982524     
         549 -0.621544073513556     
         550 -0.626564733044573     
         551 -0.631585392575636     
         552 -0.636606052106666     
         553 -0.641626711637744     
         554 -0.646647371168851     
         555 -0.651668030699905     
         556 -0.656688690230963     
         557 -0.661709349762043     
         558 -0.666730009293161     
         559 -0.671750668824245     
         560 -0.676771328355360     
         561 -0.681791987886454     
         562 -0.686812647417556     
         563 -0.691833306948667     
         564 -0.696853966479767     
         565 -0.701874626010832     
         566 -0.706895285541884     
         567 -0.711915945072994     
         568 -0.716936604604071     
         569 -0.721957264135225     
         570 -0.726977923666314     
         571 -0.731998583197425     
         572 -0.737019242728540     
         573 -0.742039902259663     
         574 -0.747060561790749     
         575 -0.752081221321874     
         576 -0.757101880853034     
         577 -0.762122540384182     
         578 -0.767143199915295     
         579 -0.772163859446365     
         580 -0.777184518977505     
         581 -0.782205178508627     
         582 -0.787225838039754     
         583 -0.792246497570868     
         584 -0.797267157102035     
         585 -0.802287816633110     
         586 -0.807308476164240     
         587 -0.812329135695351     
         588 -0.817349795226464     
         589 -0.822370454757602     
         590 -0.827391114288761     
         591 -0.832411773819904     
         592 -0.837432433351027     
         593 -0.842453092882161     
         594 -0.847473752413267     
         595 -0.852494411944391     
         596 -0.857515071475505     
         597 -0.862535731006609     
         598 -0.867556390537778     
         599 -0.872577050068873     
         600 -0.877597709599964     
         601 -0.882618369131109     
         602 -0.887639028662277     
         603 -0.892659688193469     
         604 -0.897680347724580     
         605 -0.902701007255745     
         606 -0.907721666786928     
         607 -0.912742326318024     
         608 -0.917762985849155     
         609 -0.922783645380273     
         610 -0.927804304911354     
         611 -0.932824964442453     
         612 -0.937845623973515     
         613 -0.942866283504654     
         614 -0.947886943035808     
         615 -0.952907602566906     
         616 -0.957928262098087     
         617 -0.962948921629198     
         618 -0.967969581160347     
         619 -0.972990240691511     
         620 -0.978010900222662     
         621 -0.983031559753810     
         622 -0.988052219284963     
         623 -0.993072878816038     
         624 -0.998093538347152     
         625  -1.00311419787832     
         626  -1.00813485740941     
         627  -1.01315551694054     
         628  -1.01817617647176     
         629  -1.02319683600296     
         630  -1.02821749553407     
         631  -1.03323815506516     
         632  -1.03825881459627     
         633  -1.04327947412742     
         634  -1.04830013365854     
         635  -1.05332079318971     
         636  -1.05834145272086     
         637  -1.06336244903944     
         638  -1.06838308426078     
         639  -1.07340372008661     
         640  -1.07842435657966     
         641  -1.08344499378878     
         642  -1.08846563175077     
         643  -1.09348627049237     
         644  -1.09850691003089     
         645  -1.10352755037647     
         646  -1.10854819153228     
         647  -1.11356883349613     
         648  -1.11858947626134     
         649  -1.12361011981717     
         650  -1.12863076414969     
         651  -1.13365140924214     
         652  -1.13867205507582     
         653  -1.14369270163049     
         654  -1.14871334888434     
         655  -1.15373399681455     
         656  -1.15875464539792     
         657  -1.16377529461050     
         658  -1.16879594442856     
         659  -1.17381659482784     
         660  -1.17883724578471     
         661  -1.18385789727539     
         662  -1.18887854927658     
         663  -1.19389920176545     
         664  -1.19891985471986     
         665  -1.20394050811782     
         666  -1.20896116193851     
         667  -1.21398181616128     
         668  -1.21900247076659     
         669  -1.22402312573516     
         670  -1.22904378104857     
         671  -1.23406443668941     
         672  -1.23908509264041     
         673  -1.24410574888551     
         674  -1.24912640540936     
         675  -1.25414706219682     
         676  -1.25916771923378     
         677  -1.26418837650667     
         678  -1.26920903400267     
         679  -1.27422969170982     
         680  -1.27925034961605     
         681  -1.28427100771044     
         682  -1.28929166598232     
         683  -1.29431232442156     
         684  -1.29933298301902     
         685  -1.30435364176528     
         686  -1.30937430065212     
         687  -1.31439495967132     
         688  -1.31941561881544     
         689  -1.32443627807693     
         690  -1.32945693744915     
         691  -1.33447759692581     
         692  -1.33949825650049     
         693  -1.34451891616765     
         694  -1.34953957592160     
         695  -1.35456023575744     
         696  -1.35958089567025     
         697  -1.36460155565529     
         698  -1.36962221570858     
         699  -1.37464287582574     
         700  -1.37966353600334     
         701  -1.38468419623748     
         702  -1.38970485652439     
         703  -1.39472551686145     
         704  -1.39974617724558     
         705  -1.40476683767367     
         706  -1.40978749814326     
         707  -1.41480815865196     
         708  -1.41982881919711     
         709  -1.42484947977655     
         710  -1.42987014038832     
         711  -1.43489080103014     
         712  -1.43991146170049     
         713  -1.44493212239747     
         714  -1.44995278311967     
         715  -1.45497344386527     
         716  -1.45999410463303     
         717  -1.46501476542159     
         718  -1.47003542622963     
         719  -1.47505608705568     
         720  -1.48007674789925     
         721  -1.48509740875858     
         722  -1.49011806963298     
         723  -1.49513873052172     
         724  -1.50015939142362     
         725  -1.50518005233775     
         726  -1.51020071326356     
         727  -1.51522137420053     
         728  -1.52024203514777     
         729  -1.52526269610449     
         730  -1.53028335707007     
         731  -1.53530401804449     
         732  -1.54032467902668     
         733  -1.54534534001660     
         734  -1.55036600101313     
         735  -1.55538666201626     
         736  -1.56040732302578     
         737  -1.56542798404098     
         738  -1.57044864506169     
         739  -1.57546930608727     
         740  -1.58048996711739     
         741  -1.58551062815219     
         742  -1.59053128919158     
         743  -1.59555195023466     
         744  -1.60057261128113     
         745  -1.60559327233139     
         746  -1.61061393338474     
         747  -1.61563459444090     
         748  -1.62065525549987     
         749  -1.62567591656158     
         750  -1.63069657762596     
         751  -1.63571723869269     
         752  -1.64073789976183     
         753  -1.64575856083246     
         754  -1.65077922190562     
         755  -1.65579988298029     
         756  -1.66082054405675     
         757  -1.66584120513469     
         758  -1.67086186621449     
         759  -1.67588252729519     
         760  -1.68090318837749     
         761  -1.68592384946081     
         762  -1.69094451054529     
         763  -1.69596517163082     
         764  -1.70098583271735     
         765  -1.70600649380473     
         766  -1.71102715489336     
         767  -1.71604781598245     
         768  -1.72106847707260     
         769  -1.72608913816303     
         770  -1.73110979925458     
         771  -1.73613046034636     
         772  -1.74115112143942     
         773  -1.74617178253282     
         774  -1.75119244362702     
         775  -1.75621310472161     
         776  -1.76123376581617     
         777  -1.76625442691067     
         778  -1.77127508800619     
         779  -1.77629574910175     
         780  -1.78131641019800     
         781  -1.78633707129449     
         782  -1.79135773239133     
         783  -1.79637839348841     
         784  -1.80139905458612     
         785  -1.80641971568371     
         786  -1.81144037678182     
         787  -1.81646103787971     
         788  -1.82148169897802     
         789  -1.82650236007607     
         790  -1.83152302117488     
         791  -1.83654368227356     
         792  -1.84156434337274     
         793  -1.84658500447204     
         794  -1.85160566557134     
         795  -1.85662632667051     
         796  -1.86164698777039     
         797  -1.86666764886983     
         798  -1.87168830996981     
         799  -1.87670897107014     
         800  -1.88172963216990     
         801  -1.88675029327000     
         802  -1.89177095437037     
         803  -1.89679161547133     
         804  -1.90181227657186     
         805  -1.90683293767190     
         806  -1.91185359877227     
         807  -1.91687425987300     
         808  -1.92189492097391     
         809  -1.92691558207507     
         810  -1.93193624317579     
         811  -1.93695690427668     
         812  -1.94197756537743     
         813  -1.94699822647838     
         814  -1.95201888758026     
         815  -1.95703954868204     
         816  -1.96206020978388     
         817  -1.96708087088447     
         818  -1.97210153198504     
         819  -1.97712219308682     
         820  -1.98214285418848     
         821  -1.98716351529036     
         822  -1.99218417639063     
         823  -1.99720483749206     
         824  -2.00222549859314     
         825  -2.00724615969355     
         826  -2.01226682079575     
         827  -2.01728748189675     
         828  -2.02230814299884     
         829  -2.02732880409925     
         830  -2.03234946520083     
         831  -2.03737012630300     
         832  -2.04239078740403     
         833  -2.04741144850618     
         834  -2.05243210960848     
         835  -2.05745277070928     
         836  -2.06247343180962     
         837  -2.06749409291006     
         838  -2.07251475401123     
         839  -2.07753541511236     
         840  -2.08255607621381     
         841  -2.08757673731481     
         842  -2.09259739841547     
         843  -2.09761805951654     
         844  -2.10263872061768     
         845  -2.10765938171947     
         846  -2.11268004282049     
         847  -2.11770070392149     
         848  -2.12272136502290     
         849  -2.12774202612576     
         850  -2.13276268722864     
         851  -2.13778334833111     
         852  -2.14280400943155     
         853  -2.14782467053301     
         854  -2.15284533163361     
         855  -2.15786599273486     
         856  -2.16288665383737     
         857  -2.16790731494027     
         858  -2.17292797604223     
         859  -2.17794863714392     
         860  -2.18296929824444     
         861  -2.18798995934602     
         862  -2.19301062044609     
         863  -2.19803128154684     
         864  -2.20305194264908     
         865  -2.20807260375032     
         866  -2.21309326485026     
         867  -2.21811392595237     
         868  -2.22313458705517     
         869  -2.22815524815760     
         870  -2.23317590925745     
         871  -2.23819657036061     
         872  -2.24321723146180     
         873  -2.24823789256314     
         874  -2.25325855366605     
         875  -2.25827921476921     
         876  -2.26329987586963     
         877  -2.26832053697110     
         878  -2.27334119807414     
         879  -2.27836185917443     
         880  -2.28338252027600     
         881  -2.28840318137589     
         882  -2.29342384247923     
         883  -2.29844450357940     
         884  -2.30346516467975     
         885  -2.30848582578131     
         886  -2.31350648688209     
         887  -2.31852714798413     
         888  -2.32354780908693     
         889  -2.32856847019083     
         890  -2.33358913129103     
         891  -2.33860979239085     
         892  -2.34363045349054     
         893  -2.34865111459388     
         894  -2.35367177569425     
         895  -2.35869243679583     
         896  -2.36371309789780     
         897  -2.36873375899979     
         898  -2.37375442010085     
         899  -2.37877508120204     
         900  -2.38379574230559     
         901  -2.38881640340909     
         902  -2.39383706451316     
         903  -2.39885772561705     
         904  -2.40387838671924     
         905  -2.40889904782056     
         906  -2.41391970891919     
         907  -2.41894037001876     
         908  -2.42396103112183     
         909  -2.42898169222456     
         910  -2.43400235332508     
         911  -2.43902301442768     
         912  -2.44404367552784     
         913  -2.44906433662911     
         914  -2.45408499772710     
         915  -2.45910565882669     
         916  -2.46412631992609     
         917  -2.46914698102860     
         918  -2.47416764212948     
         919  -2.47918830322978     
         920  -2.48420896433120     
         921  -2.48922962543332     
         922  -2.49425028653573     
