@variables: it residual
           1   2.50773157264784     
           2   2.48349677819534     
           3   2.45997639616143     
           4   2.43716674305558     
           5   2.41506234579049     
           6   2.39365598622231     
           7   2.37293876458709     
           8   2.35290018040658     
           9   2.33352822906017     
          10   2.31480951191394     
          11   2.29672935767094     
          12   2.27927195246327     
          13   2.26242047614774     
          14   2.24615724228778     
          15   2.23046383939854     
          16   2.21532127118877     
          17   2.20071009374130     
          18   2.18661054781983     
          19   2.17300268476063     
          20   2.15986648469140     
          21   2.14718196610387     
          22   2.13492928608283     
          23   2.12308883075338     
          24   2.11164129574441     
          25   2.10056775667628     
          26   2.08984972986031     
          27   2.07946922354774     
          28   2.06940878018586     
          29   2.05965151023021     
          30   2.05018111812732     
          31   2.04098192112378     
          32   2.03203886157880     
          33   2.02333751346072     
          34   2.01486408369734     
          35   2.00660540902737     
          36   1.99854894896944     
          37   1.99068277548721     
          38   1.98299555988739     
          39   1.97547655744324     
          40   1.96811559019032     
          41   1.96090302829636     
          42   1.95382977036277     
          43   1.94688722297309     
          44   1.94006727976372     
          45   1.93336230025506     
          46   1.92676508864672     
          47   1.92026887274935     
          48   1.91386728319701     
          49   1.90755433305884     
          50   1.90132439794608     
          51   1.89517219669044     
          52   1.88909277265272     
          53   1.88308147570491     
          54   1.87713394491648     
          55   1.87124609196391     
          56   1.86541408527339     
          57   1.85963433489841     
          58   1.85390347812772     
          59   1.84821836581310     
          60   1.84257604940282     
          61   1.83697376866236     
          62   1.83140894006198     
          63   1.82587914580810     
          64   1.82038212349444     
          65   1.81491575634758     
          66   1.80947806404124     
          67   1.80406719405316     
          68   1.79868140231774     
          69   1.79331909179699     
          70   1.78797873389132     
          71   1.78265891082565     
          72   1.77735829665460     
          73   1.77207565134436     
          74   1.76680981522607     
          75   1.76155970379913     
          76   1.75632430286412     
          77   1.75110266396561     
          78   1.74589390012632     
          79   1.74069718185488     
          80   1.73551173341045     
          81   1.73033682930828     
          82   1.72517179105117     
          83   1.72001598407273     
          84   1.71486881487893     
          85   1.70972972837551     
          86   1.70459820536923     
          87   1.69947376023195     
          88   1.69435593871702     
          89   1.68924431591808     
          90   1.68413849436123     
          91   1.67903810222167     
          92   1.67394279165700     
          93   1.66885223724931     
          94   1.66376613454912     
          95   1.65868419871453     
          96   1.65360616323917     
          97   1.64853177876340     
          98   1.64346081196303     
          99   1.63839304451070     
         100   1.63332827210501     
         101   1.62826630356299     
         102   1.62320695997183     
         103   1.61815007389581     
         104   1.61309548863498     
         105   1.60804305753209     
         106   1.60299264332463     
         107   1.59794411753900     
         108   1.59289735992414     
         109   1.58785225792184     
         110   1.58280870617157     
         111   1.57776660604732     
         112   1.57272586522457     
         113   1.56768639727530     
         114   1.56264812128916     
         115   1.55761096151930     
         116   1.55257484705096     
         117   1.54753971149158     
         118   1.54250549268089     
         119   1.53747213241975     
         120   1.53243957621641     
         121   1.52740777304925     
         122   1.52237667514471     
         123   1.51734623776953     
         124   1.51231641903646     
         125   1.50728717972233     
         126   1.50225848309792     
         127   1.49723029476871     
         128   1.49220258252590     
         129   1.48717531620694     
         130   1.48214846756503     
         131   1.47712201014704     
         132   1.47209591917914     
         133   1.46707017145987     
         134   1.46204474525998     
         135   1.45701962022872     
         136   1.45199477730613     
         137   1.44697019864085     
         138   1.44194586751336     
         139   1.43692176826390     
         140   1.43189788622519     
         141   1.42687420765933     
         142   1.42185071969876     
         143   1.41682741029096     
         144   1.41180426814674     
         145   1.40678128269177     
         146   1.40175844402117     
         147   1.39673574285709     
         148   1.39171317050891     
         149   1.38669071883596     
         150   1.38166838021272     
         151   1.37664614749610     
         152   1.37162401399489     
         153   1.36660197344111     
         154   1.36158001996320     
         155   1.35655814806090     
         156   1.35153635258174     
         157   1.34651462869902     
         158   1.34149297189116     
         159   1.33647137792240     
         160   1.33144984282472     
         161   1.32642836288086     
         162   1.32140693460847     
         163   1.31638555474526     
         164   1.31136422023506     
         165   1.30634292821477     
         166   1.30132167600217     
         167   1.29630046108450     
         168   1.29127928110769     
         169   1.28625813386635     
         170   1.28123701729440     
         171   1.27621592945622     
         172   1.27119486853842     
         173   1.26617383284213     
         174   1.26115282077574     
         175   1.25613183084813     
         176   1.25111086166232     
         177   1.24608991190952     
         178   1.24106898036357     
         179   1.23604806587571     
         180   1.23102716736969     
         181   1.22600628383719     
         182   1.22098541433353     
         183   1.21596455797365     
         184   1.21094371392836     
         185   1.20592288142080     
         186   1.20090205972311     
         187   1.19588124815339     
         188   1.19086044607276     
         189   1.18583965288265     
         190   1.18081886802225     
         191   1.17579809096616     
         192   1.17077732122210     
         193   1.16575655832888     
         194   1.16073580185438     
         195   1.15571505139376     
         196   1.15069430656770     
         197   1.14567356702085     
         198   1.14065283242022     
         199   1.13563210245388     
         200   1.13061137682955     
         201   1.12559065527338     
         202   1.12056993752881     
         203   1.11554922335547     
         204   1.11052851252812     
         205   1.10550780483577     
         206   1.10048710008069     
         207   1.09546639807767     
         208   1.09044569865315     
         209   1.08542500164452     
         210   1.08040430689944     
         211   1.07538361427517     
         212   1.07036292363796     
         213   1.06534223486251     
         214   1.06032154783143     
         215   1.05530086243472     
         216   1.05028017856931     
         217   1.04525949613865     
         218   1.04023881505226     
         219   1.03521813522538     
         220   1.03019745657859     
         221   1.02517677903747     
         222   1.02015610253232     
         223   1.01513542699780     
         224   1.01011475237271     
         225   1.00509407859972     
         226   1.00007340562508     
         227  0.995052733398465     
         228  0.990032061872705     
         229  0.985011391003609     
         230  0.979990720749773     
         231  0.974970051072403     
         232  0.969949381935151     
         233  0.964928713303962     
         234  0.959908045146927     
         235  0.954887377434150     
         236  0.949866710137618     
         237  0.944846043231089     
         238  0.939825376689971     
         239  0.934804710491226     
         240  0.929784044613265     
         241  0.924763379035864     
         242  0.919742713740072     
         243  0.914722048708135     
         244  0.909701383923414     
         245  0.904680719370325     
         246  0.899660055034261     
         247  0.894639390901540     
         248  0.889618726959340     
         249  0.884598063195652     
         250  0.879577399599217     
         251  0.874556736159491     
         252  0.869536072866595     
         253  0.864515409711270     
         254  0.859494746684843     
         255  0.854474083779188     
         256  0.849453420986690     
         257  0.844432758300213     
         258  0.839412095713074     
         259  0.834391433219011     
         260  0.829370770812153     
         261  0.824350108487004     
         262  0.819329446238411     
         263  0.814308784061548     
         264  0.809288121951891     
         265  0.804267459905206     
         266  0.799246797917521     
         267  0.794226135985117     
         268  0.789205474104507     
         269  0.784184812272427     
         270  0.779164150485815     
         271  0.774143488741806     
         272  0.769122827037714     
         273  0.764102165371024     
         274  0.759081503739374     
         275  0.754060842140556     
         276  0.749040180572502     
         277  0.744019519033272     
         278  0.738998857521047     
         279  0.733978196034126     
         280  0.728957534570914     
         281  0.723936873129916     
         282  0.718916211709731     
         283  0.713895550309046     
         284  0.708874888926631     
         285  0.703854227561337     
         286  0.698833566212082     
         287  0.693812904877856     
         288  0.688792243557711     
         289  0.683771582250760     
         290  0.678750920956171     
         291  0.673730259673163     
         292  0.668709598401007     
         293  0.663688937139018     
         294  0.658668275886558     
         295  0.653647614643024     
         296  0.648626953407853     
         297  0.643606292180518     
         298  0.638585630960525     
         299  0.633564969747410     
         300  0.628544308540742     
         301  0.623523647340112     
         302  0.618502986145141     
         303  0.613482324955471     
         304  0.608461663770769     
         305  0.603441002590721     
         306  0.598420341415033     
         307  0.593399680243432     
         308  0.588379019075660     
         309  0.583358357911471     
         310  0.578337696750646     
         311  0.573317035592970     
         312  0.568296374438241     
         313  0.563275713286279     
         314  0.558255052136905     
         315  0.553234390989957     
         316  0.548213729845284     
         317  0.543193068702742     
         318  0.538172407562200     
         319  0.533151746423525     
         320  0.528131085286604     
         321  0.523110424151322     
         322  0.518089763017579     
         323  0.513069101885278     
         324  0.508048440754327     
         325  0.503027779624642     
         326  0.498007118496141     
         327  0.492986457368752     
         328  0.487965796242401     
         329  0.482945135117029     
         330  0.477924473992570     
         331  0.472903812868966     
         332  0.467883151746166     
         333  0.462862490624115     
         334  0.457841829502769     
         335  0.452821168382082     
         336  0.447800507262013     
         337  0.442779846142523     
         338  0.437759185023573     
         339  0.432738523905133     
         340  0.427717862787172     
         341  0.422697201669657     
         342  0.417676540552560     
         343  0.412655879435854     
         344  0.407635218319514     
         345  0.402614557203517     
         346  0.397593896087848     
         347  0.392573234972478     
         348  0.387552573857393     
         349  0.382531912742570     
         350  0.377511251627996     
         351  0.372490590513659     
         352  0.367469929399535     
         353  0.362449268285617     
         354  0.357428607171890     
         355  0.352407946058344     
         356  0.347387284944968     
         357  0.342366623831745     
         358  0.337345962718675     
         359  0.332325301605740     
         360  0.327304640492937     
         361  0.322283979380254     
         362  0.317263318267684     
         363  0.312242657155217     
         364  0.307221996042848     
         365  0.302201334930580     
         366  0.297180673818396     
         367  0.292160012706293     
         368  0.287139351594273     
         369  0.282118690482320     
         370  0.277098029370440     
         371  0.272077368258619     
         372  0.267056707146857     
         373  0.262036046035151     
         374  0.257015384923498     
         375  0.251994723811887     
         376  0.246974062700327     
         377  0.241953401588810     
         378  0.236932740477332     
         379  0.231912079365892     
         380  0.226891418254482     
         381  0.221870757143113     
         382  0.216850096031770     
         383  0.211829434920458     
         384  0.206808773809170     
         385  0.201788112697911     
         386  0.196767451586675     
         387  0.191746790475463     
         388  0.186726129364272     
         389  0.181705468253100     
         390  0.176684807141948     
         391  0.171664146030808     
         392  0.166643484919688     
         393  0.161622823808583     
         394  0.156602162697494     
         395  0.151581501586415     
         396  0.146560840475351     
         397  0.141540179364295     
         398  0.136519518253248     
         399  0.131498857142210     
         400  0.126478196031188     
         401  0.121457534920176     
         402  0.116436873809169     
         403  0.111416212698165     
         404  0.106395551587178     
         405  0.101374890476195     
         406  9.635422936521766E-002
         407  9.133356825424388E-002
         408  8.631290714327441E-002
         409  8.129224603230550E-002
         410  7.627158492134586E-002
         411  7.125092381040173E-002
         412  6.623026269945342E-002
         413  6.120960158851799E-002
         414  5.618894047758194E-002
         415  5.116827936664587E-002
         416  4.614761825571877E-002
         417  4.112695714479543E-002
         418  3.610629603387017E-002
         419  3.108563492294984E-002
         420  2.606497381202314E-002
         421  2.104431270110112E-002
         422  1.602365159018996E-002
         423  1.100299047927245E-002
         424  5.982329368365932E-003
         425  9.616682574544112E-004
         426 -4.058992853457524E-003
         427 -9.079653964367863E-003
         428 -1.410031507527706E-002
         429 -1.912097618617761E-002
         430 -2.414163729707846E-002
         431 -2.916229840797243E-002
         432 -3.418295951888035E-002
         433 -3.920362062978069E-002
         434 -4.422428174068408E-002
         435 -4.924494285158171E-002
         436 -5.426560396248041E-002
         437 -5.928626507336852E-002
         438 -6.430692618425690E-002
         439 -6.932758729514608E-002
         440 -7.434824840603685E-002
         441 -7.936890951692417E-002
         442 -8.438957062781796E-002
         443 -8.941023173869718E-002
         444 -9.443089284958665E-002
         445 -9.945155396047092E-002
         446 -0.104472215071360     
         447 -0.109492876182253     
         448 -0.114513537293146     
         449 -0.119534198404025     
         450 -0.124554859514923     
         451 -0.129575520625802     
         452 -0.134596181736688     
         453 -0.139616842847565     
         454 -0.144637503958460     
         455 -0.149658165069333     
         456 -0.154678826180220     
         457 -0.159699487291118     
         458 -0.164720148402011     
         459 -0.169740809512906     
         460 -0.174761470623798     
         461 -0.179782131734685     
         462 -0.184802792845576     
         463 -0.189823453956469     
         464 -0.194844115067347     
         465 -0.199864776178236     
         466 -0.204885437289108     
         467 -0.209906098399999     
         468 -0.214926759510881     
         469 -0.219947420621749     
         470 -0.224968081732622     
         471 -0.229988742843503     
         472 -0.235009403954378     
         473 -0.240030065065268     
         474 -0.245050726176133     
         475 -0.250071387287015     
         476 -0.255092048397900     
         477 -0.260112709508774     
         478 -0.265133370619657     
         479 -0.270154031730547     
         480 -0.275174692841414     
         481 -0.280195353952307     
         482 -0.285216015063201     
         483 -0.290236676174092     
         484 -0.295257337284977     
         485 -0.300277998395874     
         486 -0.305298659506762     
         487 -0.310319320617639     
         488 -0.315339981728535     
         489 -0.320360642839408     
         490 -0.325381303950300     
         491 -0.330401965061201     
         492 -0.335422626172073     
         493 -0.340443287282963     
         494 -0.345463948393849     
         495 -0.350484609504724     
         496 -0.355505270615615     
         497 -0.360525931726499     
         498 -0.365546592837368     
         499 -0.370567253948248     
         500 -0.375587915059107     
         501 -0.380608576169988     
         502 -0.385629237280876     
         503 -0.390649898391770     
         504 -0.395670559502640     
         505 -0.400691220613505     
         506 -0.405711881724378     
         507 -0.410732542835261     
         508 -0.415753203946139     
         509 -0.420773865057023     
         510 -0.425794526167887     
         511 -0.430815187278772     
         512 -0.435835848389658     
         513 -0.440856509500565     
         514 -0.445877170611424     
         515 -0.450897831722304     
         516 -0.455918492833187     
         517 -0.460939153944059     
         518 -0.465959815054953     
         519 -0.470980476165815     
         520 -0.476001137276695     
         521 -0.481021798387575     
         522 -0.486042459498448     
         523 -0.491063120609335     
         524 -0.496083781720208     
         525 -0.501104442831096     
         526 -0.506125103941965     
         527 -0.511145765052855     
         528 -0.516166426163741     
         529 -0.521187087274630     
         530 -0.526207748385514     
         531 -0.531228409496368     
         532 -0.536249070607236     
         533 -0.541269731718091     
         534 -0.546290392828956     
         535 -0.551311053939826     
         536 -0.556331715050736     
         537 -0.561352376161626     
         538 -0.566373037272482     
         539 -0.571393698383382     
         540 -0.576414359494272     
         541 -0.581435020605137     
         542 -0.586455681716046     
         543 -0.591476342826943     
         544 -0.596497003937822     
         545 -0.601517665048735     
         546 -0.606538326159598     
         547 -0.611558987270457     
         548 -0.616579648381342     
         549 -0.621600309492218     
         550 -0.626620970603121     
         551 -0.631641631713988     
         552 -0.636662292824857     
         553 -0.641682953935721     
         554 -0.646703615046615     
         555 -0.651724276157505     
         556 -0.656744937268419     
         557 -0.661765598379309     
         558 -0.666786259490211     
         559 -0.671806920601065     
         560 -0.676827581711905     
         561 -0.681848242822761     
         562 -0.686868903933625     
         563 -0.691889565044533     
         564 -0.696910226155463     
         565 -0.701930887266332     
         566 -0.706951548377211     
         567 -0.711972209488044     
         568 -0.716992870598927     
         569 -0.722013531709799     
         570 -0.727034192820643     
         571 -0.732054853931573     
         572 -0.737075515042495     
         573 -0.742096176153380     
         574 -0.747116837264258     
         575 -0.752137498375187     
         576 -0.757158159486062     
         577 -0.762178820596922     
         578 -0.767199481707807     
         579 -0.772220142818668     
         580 -0.777240803929507     
         581 -0.782261465040391     
         582 -0.787282126151214     
         583 -0.792302787262143     
         584 -0.797323448373030     
         585 -0.802344109483931     
         586 -0.807364770594772     
         587 -0.812385431705648     
         588 -0.817406092816519     
         589 -0.822426753927441     
         590 -0.827447415038316     
         591 -0.832468076149185     
         592 -0.837488737260105     
         593 -0.842509398370930     
         594 -0.847530059481803     
         595 -0.852550720592646     
         596 -0.857571381703491     
         597 -0.862592042814338     
         598 -0.867612703925201     
         599 -0.872633365036106     
         600 -0.877654026147032     
         601 -0.882674687257894     
         602 -0.887695348368803     
         603 -0.892716009479704     
         604 -0.897736670590663     
         605 -0.902757331701566     
         606 -0.907777992812410     
         607 -0.912798653923311     
         608 -0.917819315034185     
         609 -0.922839976145041     
         610 -0.927860637256014     
         611 -0.932881298366869     
         612 -0.937901959477798     
         613 -0.942922620588628     
         614 -0.947943281699481     
         615 -0.952963942810358     
         616 -0.957984603921263     
         617 -0.963005265032090     
         618 -0.968025926142954     
         619 -0.973046587253850     
         620 -0.978067248364749     
         621 -0.983087909475713     
         622 -0.988108570586577     
         623 -0.993129231697445     
         624 -0.998149892808398     
         625  -1.00317055391927     
         626  -1.00819121503023     
         627  -1.01321187614107     
         628  -1.01823253725186     
         629  -1.02325319836278     
         630  -1.02827385947366     
         631  -1.03329452058457     
         632  -1.03831518169549     
         633  -1.04333584280631     
         634  -1.04835650391714     
         635  -1.05337716502804     
         636  -1.05839782613881     
         637  -1.06341848724978     
         638  -1.06843914836062     
         639  -1.07345980947152     
         640  -1.07848047058244     
         641  -1.08350113169335     
         642  -1.08852179280420     
         643  -1.09354245391496     
         644  -1.09856311502597     
         645  -1.10358377613686     
         646  -1.10860443724765     
         647  -1.11362509835849     
         648  -1.11864575946937     
         649  -1.12366642058019     
         650  -1.12868708169109     
         651  -1.13370774280192     
         652  -1.13872840391273     
         653  -1.14374906502362     
         654  -1.14876972613454     
         655  -1.15379038724546     
         656  -1.15881104835640     
         657  -1.16383170946726     
         658  -1.16885237057823     
         659  -1.17387303168909     
         660  -1.17889369279990     
         661  -1.18391435391082     
         662  -1.18893501502165     
         663  -1.19395567613249     
         664  -1.19897633724343     
         665  -1.20399699835425     
         666  -1.20901765946508     
         667  -1.21403832057595     
         668  -1.21905898168679     
         669  -1.22407964279767     
         670  -1.22910030390858     
         671  -1.23412096501943     
         672  -1.23914162613032     
         673  -1.24416228724119     
         674  -1.24918294835205     
         675  -1.25420360946301     
         676  -1.25922427057391     
         677  -1.26424493168488     
         678  -1.26926559279585     
         679  -1.27428625390665     
         680  -1.27930691501739     
         681  -1.28432757612831     
         682  -1.28934823723926     
         683  -1.29436889835005     
         684  -1.29938955946093     
         685  -1.30441022057186     
         686  -1.30943088168282     
         687  -1.31445154279355     
         688  -1.31947220390437     
         689  -1.32449286501518     
         690  -1.32951352612612     
         691  -1.33453418723717     
         692  -1.33955484834809     
         693  -1.34457550945899     
         694  -1.34959617056979     
         695  -1.35461683168055     
         696  -1.35963749279167     
         697  -1.36465815390275     
         698  -1.36967881501356     
         699  -1.37469947612452     
         700  -1.37972013723529     
         701  -1.38474079834607     
         702  -1.38976145945718     
         703  -1.39478212056812     
         704  -1.39980278167909     
         705  -1.40482344278976     
         706  -1.40984410390062     
         707  -1.41486476501128     
         708  -1.41988542612212     
         709  -1.42490608723278     
         710  -1.42992674834367     
         711  -1.43494740945443     
         712  -1.43996807056507     
         713  -1.44498873167583     
         714  -1.45000939278692     
         715  -1.45503005389789     
         716  -1.46005071500867     
         717  -1.46507137611944     
         718  -1.47009203723021     
         719  -1.47511269834125     
         720  -1.48013335945203     
         721  -1.48515402056279     
         722  -1.49017468167352     
         723  -1.49519534278420     
         724  -1.50021600389524     
         725  -1.50523666500608     
         726  -1.51025732611704     
         727  -1.51527798722806     
         728  -1.52029864833899     
         729  -1.52531930944982     
         730  -1.53033997056061     
         731  -1.53536063167146     
         732  -1.54038129278277     
         733  -1.54540195389353     
         734  -1.55042261500455     
         735  -1.55544327611545     
         736  -1.56046393722633     
         737  -1.56548459833753     
         738  -1.57050525944828     
         739  -1.57552592055929     
         740  -1.58054658167005     
         741  -1.58556724278058     
         742  -1.59058790389167     
         743  -1.59560856500259     
         744  -1.60062922611331     
         745  -1.60564988722430     
         746  -1.61067054833501     
         747  -1.61569120944571     
         748  -1.62071187055683     
         749  -1.62573253166788     
         750  -1.63075319277879     
         751  -1.63577385388979     
         752  -1.64079451500076     
         753  -1.64581517611204     
         754  -1.65083583722310     
         755  -1.65585649833403     
         756  -1.66087715944488     
         757  -1.66589782055606     
         758  -1.67091848166674     
         759  -1.67593914277790     
         760  -1.68095980388917     
         761  -1.68598046500016     
         762  -1.69100112611118     
         763  -1.69602178722203     
         764  -1.70104244833260     
         765  -1.70606310944346     
         766  -1.71108377055413     
         767  -1.71610443166496     
         768  -1.72112509277569     
         769  -1.72614575388678     
         770  -1.73116641499759     
         771  -1.73618707610849     
         772  -1.74120773721935     
         773  -1.74622839833051     
         774  -1.75124905944170     
         775  -1.75626972055211     
         776  -1.76129038166293     
         777  -1.76631104277429     
         778  -1.77133170388578     
         779  -1.77635236499611     
         780  -1.78137302610636     
         781  -1.78639368721719     
         782  -1.79141434832785     
         783  -1.79643500943876     
         784  -1.80145567054981     
         785  -1.80647633166085     
         786  -1.81149699277161     
         787  -1.81651765388290     
         788  -1.82153831499380     
         789  -1.82655897610497     
         790  -1.83157963721590     
         791  -1.83660029832691     
         792  -1.84162095943751     
         793  -1.84664162054851     
         794  -1.85166228165950     
         795  -1.85668294277024     
         796  -1.86170360388076     
         797  -1.86672426499147     
         798  -1.87174492610289     
         799  -1.87676558721376     
         800  -1.88178624832476     
         801  -1.88680690943559     
         802  -1.89182757054685     
         803  -1.89684823165720     
         804  -1.90186889276801     
         805  -1.90688955387827     
         806  -1.91191021498952     
         807  -1.91693087610024     
         808  -1.92195153721127     
         809  -1.92697219832279     
         810  -1.93199285943417     
         811  -1.93701352054434     
         812  -1.94203418165555     
         813  -1.94705484276678     
         814  -1.95207550387714     
         815  -1.95709616498877     
         816  -1.96211682609903     
         817  -1.96713748720984     
         818  -1.97215814832075     
         819  -1.97717880943224     
         820  -1.98219947054313     
         821  -1.98722013165455     
         822  -1.99224079276615     
         823  -1.99726145387685     
         824  -2.00228211498758     
         825  -2.00730277609928     
         826  -2.01232343721021     
         827  -2.01734409831991     
         828  -2.02236475943188     
         829  -2.02738542054392     
         830  -2.03240608165436     
         831  -2.03742674276605     
         832  -2.04244740387594     
         833  -2.04746806498748     
         834  -2.05248872609801     
         835  -2.05750938720769     
         836  -2.06253004831864     
         837  -2.06755070942915     
         838  -2.07257137053991     
         839  -2.07759203165137     
         840  -2.08261269276227     
         841  -2.08763335387356     
         842  -2.09265401498325     
         843  -2.09767467609437     
         844  -2.10269533720578     
         845  -2.10771599831550     
         846  -2.11273665942762     
         847  -2.11775732053854     
         848  -2.12277798164818     
         849  -2.12779864275960     
         850  -2.13281930386947     
         851  -2.13783996498051     
         852  -2.14286062609112     
         853  -2.14788128720193     
         854  -2.15290194831160     
         855  -2.15792260942364     
         856  -2.16294327053455     
         857  -2.16796393164522     
         858  -2.17298459275749     
         859  -2.17800525386823     
         860  -2.18302591497875     
         861  -2.18804657608889     
         862  -2.19306723719906     
         863  -2.19808789831124     
         864  -2.20310855942375     
         865  -2.20812922053508     
         866  -2.21314988164452     
         867  -2.21817054275393     
         868  -2.22319120386402     
         869  -2.22821186497339     
         870  -2.23323252608396     
         871  -2.23825318719551     
         872  -2.24327384830516     
         873  -2.24829450941501     
         874  -2.25331517052585     
         875  -2.25833583163591     
         876  -2.26335649274695     
         877  -2.26837715385795     
         878  -2.27339781496919     
         879  -2.27841847608154     
         880  -2.28343913719447     
         881  -2.28845979830624     
         882  -2.29348045941616     
         883  -2.29850112052494     
         884  -2.30352178163458     
         885  -2.30854244274792     
         886  -2.31356310385913     
         887  -2.31858376497048     
         888  -2.32360442607994     
         889  -2.32862508719043     
         890  -2.33364574829994     
         891  -2.33866640941117     
         892  -2.34368707052051     
         893  -2.34870773162966     
         894  -2.35372839274058     
         895  -2.35874905385187     
         896  -2.36376971496123     
         897  -2.36879037607265     
         898  -2.37381103718219     
         899  -2.37883169829256     
         900  -2.38385235940210     
         901  -2.38887302051575     
         902  -2.39389368162932     
         903  -2.39891434274165     
         904  -2.40393500385275     
         905  -2.40895566496114     
         906  -2.41397632607101     
         907  -2.41899698718072     
         908  -2.42401764829413     
         909  -2.42903830940686     
         910  -2.43405897051561     
         911  -2.43907963162905     
         912  -2.44410029273892     
         913  -2.44912095385015     
         914  -2.45414161496010     
         915  -2.45916227607374     
         916  -2.46418293718186     
         917  -2.46920359829216     
         918  -2.47422425940375     
         919  -2.47924492051320     
         920  -2.48426558162485     
         921  -2.48928624273891     
         922  -2.49430690384867     
