@variables: it residual
           1  0.473617816736680     
           2  0.453383678637002     
           3  0.448235470723100     
           4  0.445135397185238     
           5  0.440701872357596     
           6  0.433832803802030     
           7  0.425767919848949     
           8  0.417815611822157     
           9  0.409724216278450     
          10  0.408753436850876     
          11  0.407507382496627     
          12  0.406852484536951     
          13  0.406669783859997     
          14  0.405807100416893     
          15  0.405438797377989     
          16  0.404094356558961     
          17  0.399345288909083     
          18  0.392220219002568     
          19  0.386254972318590     
          20  0.381051463161722     
          21  0.376430656749524     
          22  0.370450078586071     
          23  0.364230045073551     
          24  0.355825937619962     
          25  0.346062302846804     
          26  0.336491968418178     
          27  0.328443633988427     
          28  0.321320643386456     
          29  0.311061125827226     
          30  0.301849581529580     
          31  0.291604548363569     
          32  0.280213840502489     
          33  0.269528970064209     
          34  0.260035300160574     
          35  0.251272995988076     
          36  0.240312012642480     
          37  0.229453579711504     
          38  0.217449227523907     
          39  0.205253153649562     
          40  0.193561594705222     
          41  0.185544687959432     
          42  0.177505398902377     
          43  0.169180235236032     
          44  0.161695165929478     
          45  0.153907709924342     
          46  0.149433062410728     
          47  0.147439034419501     
          48  0.146949977341099     
          49  0.144664969696178     
          50  0.141137117517842     
          51  0.134645004742058     
          52  0.127944153939501     
          53  0.120623393177819     
          54  0.112712901381630     
          55  0.105437779880631     
          56  9.887858663707226E-002
          57  9.362282723835977E-002
          58  8.984734094756812E-002
          59  8.649449069061481E-002
          60  8.300306880079990E-002
          61  7.860474174780473E-002
          62  7.150867110801071E-002
          63  6.259773050962245E-002
          64  5.313783501993100E-002
          65  4.393153187976882E-002
          66  3.403314382423561E-002
          67  2.402045699956652E-002
          68  1.125996520968640E-002
          69 -3.110827898469421E-003
          70 -1.901197349423923E-002
          71 -3.446916106703928E-002
          72 -5.032610089854573E-002
          73 -6.489762273772431E-002
          74 -7.844819327833259E-002
          75 -9.225035549051429E-002
          76 -0.106217544372634     
          77 -0.120242236640099     
          78 -0.135693365870865     
          79 -0.151435873735351     
          80 -0.167524569122690     
          81 -0.182224853499415     
          82 -0.197370773273307     
          83 -0.212604524613549     
          84 -0.226316645795227     
          85 -0.238058764376772     
          86 -0.249845074340639     
          87 -0.261027117440276     
          88 -0.272765220235390     
          89 -0.283888372471667     
          90 -0.295021292251383     
          91 -0.306818646969164     
          92 -0.319036197209092     
          93 -0.330086440867583     
          94 -0.342157059662465     
          95 -0.355574880516586     
          96 -0.369957271118880     
          97 -0.385228699034053     
          98 -0.401050310484595     
          99 -0.417509128395048     
         100 -0.434140037271353     
         101 -0.449177667323074     
         102 -0.461539133460228     
         103 -0.474013747203114     
         104 -0.488015137527800     
         105 -0.504225917075811     
         106 -0.522083388621939     
         107 -0.539587986687751     
         108 -0.557885081474685     
         109 -0.573808578126056     
         110 -0.587252289320927     
         111 -0.601704997217295     
         112 -0.613814900273681     
         113 -0.623629263891609     
         114 -0.633341673594702     
         115 -0.645166701319746     
         116 -0.658289479852179     
         117 -0.674180637663879     
         118 -0.689588067294323     
         119 -0.703583891610845     
         120 -0.717818390896278     
         121 -0.733198830826556     
         122 -0.750974967266728     
         123 -0.771285918068880     
         124 -0.791300353263302     
         125 -0.806682732047357     
         126 -0.821908625742522     
         127 -0.839242878787847     
         128 -0.859593203841258     
         129 -0.881796335091041     
         130 -0.906850955266784     
         131 -0.933346423373085     
         132 -0.957777049459284     
         133 -0.979817971963764     
         134  -1.00119203703407     
         135  -1.02422719817428     
         136  -1.05233285173100     
         137  -1.08110780004673     
         138  -1.11160005003428     
         139  -1.14135347477233     
         140  -1.16949956753390     
         141  -1.19766023246282     
         142  -1.22889002656174     
         143  -1.25826161878649     
         144  -1.28326828077197     
         145  -1.30627732994600     
         146  -1.33168306352820     
         147  -1.35913192790510     
         148  -1.39257976151039     
         149  -1.42967629945807     
         150  -1.46667055378379     
         151  -1.50169820404320     
         152  -1.53811340608077     
