@variables: it residual
           1   5.46879956945316     
           2   5.50708603982335     
           3   5.49660836475052     
           4   5.48211204828910     
           5   5.47198607602289     
           6   5.46227738367176     
           7   5.45571631506356     
           8   5.45282231408769     
           9   5.45483671705386     
          10   5.45804044382154     
          11   5.45976811834229     
          12   5.46481639699434     
          13   5.46688435318628     
          14   5.46609886389792     
          15   5.46242406128219     
          16   5.44635754935474     
          17   5.40491936414012     
          18   5.39653387171489     
          19   5.38407119404985     
          20   5.37376141031749     
          21   5.36047372004375     
          22   5.34480629018574     
          23   5.33212427746804     
          24   5.31537307919806     
          25   5.29551138211838     
          26   5.27255120558017     
          27   5.24769164344037     
          28   5.22181967695583     
          29   5.20657184978849     
          30   5.20353243687652     
          31   5.20003281684626     
          32   5.19210615971666     
          33   5.18067862591738     
          34   5.17099175813357     
          35   5.16869279620313     
          36   5.16808760028518     
          37   5.16804128184376     
          38   5.16811666343251     
          39   5.16702084349252     
          40   5.16295139155255     
          41   5.15548187696867     
          42   5.14518789768724     
          43   5.13156224126568     
          44   5.11508179851772     
          45   5.09644460451068     
          46   5.07652145263817     
          47   5.05609039550740     
          48   5.03805273586442     
          49   5.03076656124694     
          50   5.02798605518961     
          51   5.02416556747623     
          52   5.02014672865467     
          53   5.01556800273381     
          54   5.01064501977775     
          55   5.00832057816994     
          56   5.00686776032538     
          57   5.00583143162083     
          58   5.00666377598866     
          59   5.00840304726578     
          60   5.00896878566935     
          61   5.00965773445472     
          62   5.01097699632203     
          63   5.01059827454150     
          64   5.00859850483290     
          65   5.00523233265187     
          66   4.99973780099652     
          67   4.99245917575973     
          68   4.98465326661368     
          69   4.97909487570285     
          70   4.97437006569570     
          71   4.96961995053639     
          72   4.96558684214142     
          73   4.96170881576232     
          74   4.95904630745660     
          75   4.95701485406029     
          76   4.95473285152898     
          77   4.95106735338951     
          78   4.94681697099359     
          79   4.94205339679554     
          80   4.93847132854644     
          81   4.93591431919698     
          82   4.93484908755708     
          83   4.93368877541014     
          84   4.93334204260803     
          85   4.93285375151504     
          86   4.93235969166382     
          87   4.93143094760625     
          88   4.92969293394094     
          89   4.92714895592495     
          90   4.92407390299363     
          91   4.92016443187085     
          92   4.91550944135403     
          93   4.90960029318403     
          94   4.90335521383253     
          95   4.89885929537153     
          96   4.89632182482615     
          97   4.89553188685063     
          98   4.89473482435932     
          99   4.89438094115274     
         100   4.89423792423927     
         101   4.89329950713338     
         102   4.89220893061253     
         103   4.89133367696515     
         104   4.89142331116621     
         105   4.89182137598800     
         106   4.89228045836286     
         107   4.89211803290155     
         108   4.89117142283035     
         109   4.88978004766344     
         110   4.88778179509453     
         111   4.88525085785135     
         112   4.88217366135487     
         113   4.87827095069931     
         114   4.87420733564096     
         115   4.86969870551617     
         116   4.86459870214401     
         117   4.85933175707746     
         118   4.85388579839541     
         119   4.84865436547049     
         120   4.84361400117056     
         121   4.83917763822279     
         122   4.83550355216496     
         123   4.83291057745573     
         124   4.83080763740167     
         125   4.82867784243325     
         126   4.82649523669411     
         127   4.82424327184387     
         128   4.82259670946876     
         129   4.82048262414795     
         130   4.81844117526600     
         131   4.81629207471108     
         132   4.81380097714494     
         133   4.81162123063466     
         134   4.80982091538562     
         135   4.80815817254510     
         136   4.80647416665059     
         137   4.80450274101762     
         138   4.80193026875898     
         139   4.79924234786561     
         140   4.79625161030196     
         141   4.79304302043225     
         142   4.78970283860603     
         143   4.78668308949768     
         144   4.78377223638806     
         145   4.78122770150787     
         146   4.77918473847936     
         147   4.77762957091778     
         148   4.77625914289773     
         149   4.77497619720656     
         150   4.77375120525175     
         151   4.77255292520821     
         152   4.77134998181873     
         153   4.77011223323420     
         154   4.76881174088505     
         155   4.76742348912538     
         156   4.76592606268905     
         157   4.76430244567642     
         158   4.76253976348691     
         159   4.76062949530770     
         160   4.75875321398045     
         161   4.75656700585511     
         162   4.75420865754548     
         163   4.75170875561883     
         164   4.74907591259180     
         165   4.74632127881157     
         166   4.74345765348651     
         167   4.74049806758691     
         168   4.73745650421346     
         169   4.73434794448579     
         170   4.73118900658724     
         171   4.72815878093762     
         172   4.72675983353932     
         173   4.72590574191418     
         174   4.72481187736713     
         175   4.72339450053515     
         176   4.72183581476791     
         177   4.72028703603015     
         178   4.71846298264096     
         179   4.71636442256659     
         180   4.71393478539381     
         181   4.71122795892942     
         182   4.70845166349575     
         183   4.70590881812966     
         184   4.70325884702078     
         185   4.70057382932018     
         186   4.69806548536073     
         187   4.69591344768574     
         188   4.69392503455159     
         189   4.69224687907692     
         190   4.69101880494840     
         191   4.69039835450225     
         192   4.69014833255085     
         193   4.69015140061711     
         194   4.69094764637788     
         195   4.69272710710259     
         196   4.69560894973587     
         197   4.69972735032252     
         198   4.70499963222314     
         199   4.71128751051160     
         200   4.71848698930629     
         201   4.72641005799050     
         202   4.73481030101154     
         203   4.74354983792781     
         204   4.75236786002989     
         205   4.76069671107268     
         206   4.76852123364194     
         207   4.77573185956921     
         208   4.78213859669850     
         209   4.78766177049751     
         210   4.79217716959861     
         211   4.79555132586098     
         212   4.79765782697803     
         213   4.79840772308084     
         214   4.79771072788639     
         215   4.79548761760150     
         216   4.79160023611709     
         217   4.78676793136766     
         218   4.78153987639615     
         219   4.77561892209274     
         220   4.77092581512180     
         221   4.76670979235811     
         222   4.76265673068673     
         223   4.75902906937221     
         224   4.75562717129702     
         225   4.75230947568055     
         226   4.74910189637434     
         227   4.74627519161806     
         228   4.74260064052022     
         229   4.74023905790066     
         230   4.73835639036979     
         231   4.73700526023606     
         232   4.73534770947466     
         233   4.73441544448141     
         234   4.73249009546842     
         235   4.72984188382399     
         236   4.72522862436408     
         237   4.71969236564835     
         238   4.71177358297857     
         239   4.70252847410268     
         240   4.69122606555530     
         241   4.67788538357457     
         242   4.66226595480338     
         243   4.64488725617720     
         244   4.62538643616550     
         245   4.60391155817172     
         246   4.58050804778355     
         247   4.55543255481224     
         248   4.52932678660694     
         249   4.50529377137190     
         250   4.48431196414695     
         251   4.46703549426319     
         252   4.45440236881347     
         253   4.44737233608240     
         254   4.44949869135519     
         255   4.45910160467055     
         256   4.47003109968279     
         257   4.47997090131717     
         258   4.48898778242804     
         259   4.49613333115008     
         260   4.50148216476087     
         261   4.50512124558853     
         262   4.50723172404234     
         263   4.50784906380527     
         264   4.50767470064386     
         265   4.50641114229121     
         266   4.50405597880887     
         267   4.50058156003614     
         268   4.49628166034492     
         269   4.49148146788482     
         270   4.48636874432956     
         271   4.48103597440008     
         272   4.47563590122544     
         273   4.46958635164600     
         274   4.46266179529601     
         275   4.45471789081330     
         276   4.44547593525222     
         277   4.43485253972574     
         278   4.42327451526828     
         279   4.41064430206305     
         280   4.39666655112807     
         281   4.38120047694570     
         282   4.36444099227443     
         283   4.34658187181176     
         284   4.32778719059248     
         285   4.30903111225404     
         286   4.29013210756588     
         287   4.27186659862639     
         288   4.25820537534374     
         289   4.25389922015827     
         290   4.25434322940793     
         291   4.25822989498119     
         292   4.26289855332552     
         293   4.26871046328471     
         294   4.27540721190841     
         295   4.28148414667083     
         296   4.28750314897257     
         297   4.29311226602788     
         298   4.29824501279020     
         299   4.30258316601932     
         300   4.30577952061134     
         301   4.30791545136570     
         302   4.30892955082273     
         303   4.30888098794788     
         304   4.30808980453891     
         305   4.30730400141552     
         306   4.30676368540931     
         307   4.30571054006970     
         308   4.30370017411987     
         309   4.30087140925495     
         310   4.29750032327334     
         311   4.29360320456162     
         312   4.28941318983470     
         313   4.28628199561658     
         314   4.28260482156022     
         315   4.27827353615546     
         316   4.27314832519533     
         317   4.26729824012068     
         318   4.26075276435427     
         319   4.25338749838547     
         320   4.24524725605583     
         321   4.23616728282664     
         322   4.22615153832952     
         323   4.21520398496147     
         324   4.20332828342652     
         325   4.19052745072221     
         326   4.17680362010917     
         327   4.16225171550571     
         328   4.14725879327656     
         329   4.13245762882330     
         330   4.11758198816793     
         331   4.10243381723318     
         332   4.08724968759463     
         333   4.07230993240345     
         334   4.05782618566816     
         335   4.04341134855991     
         336   4.02934077498449     
         337   4.01518353365519     
         338   4.00259347032635     
         339   3.99081632101546     
         340   3.98092310715017     
         341   3.97157955559880     
         342   3.96177984423777     
         343   3.95215762883776     
         344   3.94333155934950     
         345   3.93472975322894     
         346   3.92594177068615     
         347   3.91685087803531     
         348   3.90816225295214     
         349   3.90004677937282     
         350   3.89174607039340     
         351   3.88316243136282     
         352   3.87459630055313     
         353   3.86643830537060     
         354   3.85854293491255     
         355   3.85062884071452     
         356   3.84332716847177     
         357   3.83720525774875     
         358   3.83203498672708     
         359   3.82700673004338     
         360   3.82211837182488     
         361   3.81806224313697     
         362   3.81425318998683     
         363   3.81006239604656     
         364   3.80586810096919     
         365   3.80169722857685     
         366   3.79752052644691     
         367   3.79353999237345     
         368   3.78935623057193     
         369   3.78508543879933     
         370   3.78042816687253     
         371   3.77572688506365     
         372   3.77068456662776     
         373   3.76557889079138     
         374   3.76034698279023     
         375   3.75533689154402     
         376   3.75007023512987     
         377   3.74445400100102     
         378   3.73849803893977     
         379   3.73221144784061     
         380   3.72560262996953     
         381   3.71867932693707     
         382   3.71178545717216     
         383   3.70500293948214     
         384   3.69817012776566     
         385   3.69129505770551     
         386   3.68453359849862     
         387   3.67788392223514     
         388   3.67124028438079     
         389   3.66461512997525     
         390   3.65771478232836     
         391   3.65055408033343     
         392   3.64312997869904     
         393   3.63544768296766     
         394   3.62751224674688     
         395   3.61932823503407     
         396   3.61089979801560     
         397   3.60223073953806     
         398   3.59332451452989     
         399   3.58418422923851     
         400   3.57481265553689     
         401   3.56521222615795     
         402   3.55538504406290     
         403   3.54533287278966     
         404   3.53505713038576     
         405   3.52455889355434     
         406   3.51384212961330     
         407   3.50290814995395     
