#CYCLE AVERAGE PRIMITIVE QUANTITIES
     1  0.378062E-01  0.838658E+03  0.673222E+03  0.520701E+01  0.000000E+00
     2  0.404636E-01  0.931391E+03  0.666505E+03  0.441201E+01  0.000000E+00
     3  0.407825E-01  0.943164E+03  0.664712E+03  0.421861E+01  0.000000E+00
     4  0.408347E-01  0.945151E+03  0.664408E+03  0.419415E+01  0.000000E+00
     5  0.408429E-01  0.945468E+03  0.664363E+03  0.419075E+01  0.000000E+00
     6  0.408446E-01  0.945537E+03  0.664354E+03  0.419005E+01  0.000000E+00
     7  0.408449E-01  0.945546E+03  0.664353E+03  0.418996E+01  0.000000E+00
     8  0.408449E-01  0.945548E+03  0.664352E+03  0.418994E+01  0.000000E+00
     9  0.408449E-01  0.945548E+03  0.664352E+03  0.418994E+01  0.000000E+00
    10  0.408449E-01  0.945548E+03  0.664352E+03  0.418994E+01  0.000000E+00
    11  0.408449E-01  0.945548E+03  0.664352E+03  0.418994E+01  0.000000E+00
    12  0.408449E-01  0.945548E+03  0.664352E+03  0.418994E+01  0.000000E+00
    13  0.408449E-01  0.945548E+03  0.664352E+03  0.418994E+01  0.000000E+00
    14  0.408449E-01  0.945548E+03  0.664352E+03  0.418994E+01  0.000000E+00
    15  0.408449E-01  0.945548E+03  0.664352E+03  0.418994E+01  0.000000E+00
