@variables: it residual
           1   4.44756183720773     
           2   4.43064494920790     
           3   4.42267192026826     
           4   4.41089227730027     
           5   4.40046357988214     
           6   4.38910796422384     
           7   4.37758419038631     
           8   4.36519393854938     
           9   4.35215259577242     
          10   4.33837304375960     
          11   4.32372909591686     
          12   4.30796091522705     
          13   4.29100722009312     
          14   4.27286358678969     
          15   4.25336930338820     
          16   4.23230227905685     
          17   4.20996497160841     
          18   4.18631449126835     
          19   4.16086619453549     
          20   4.13460810314359     
          21   4.10671061447473     
          22   4.07701067130985     
          23   4.04660817976572     
          24   4.01402367093385     
          25   3.97916248754123     
          26   3.94200604388596     
          27   3.90264151155717     
          28   3.86202998430069     
          29   3.81293105013658     
          30   3.77445000154167     
          31   3.73139631824202     
          32   3.68745364002076     
          33   3.64188030746578     
          34   3.59259429429517     
          35   3.54061079299125     
          36   3.49091065346088     
          37   3.43591359695697     
          38   3.37976088118590     
          39   3.32122885254032     
          40   3.26707510272249     
          41   3.19271364504035     
          42   3.12940224464834     
          43   3.06142064297156     
          44   2.99157805779219     
          45   2.91932440171003     
          46   2.84465870001443     
          47   2.76752576096112     
          48   2.68775146087947     
          49   2.61165421771234     
          50   2.51522261547221     
          51   2.42907756440211     
          52   2.33796930760035     
          53   2.24398419284557     
          54   2.14648844377468     
          55   2.04565732794252     
          56   1.94760972660525     
          57   1.82901362556593     
          58   1.71871932622460     
          59   1.60329562335044     
          60   1.48404730843210     
          61   1.36075780612828     
          62   1.23981917499495     
          63   1.09761955911843     
          64  0.963347120688728     
          65  0.823980354884040     
          66  0.680568081942984     
          67  0.539269604233943     
          68  0.377214383193173     
          69  0.222431277012780     
          70  6.255759491333235E-002
          71 -0.100795129965050     
          72 -0.262953660575372     
          73 -0.443502297460098     
          74 -0.618433440874724     
          75 -0.795436135721912     
          76 -0.973091638198549     
          77  -1.16939586138122     
          78  -1.36015946973945     
          79  -1.55501441655553     
          80  -1.74855797152000     
          81  -1.95915744377131     
          82  -2.16696881336028     
          83  -2.37381795165454     
          84  -2.58263757055725     
          85  -2.80019278795640     
          86  -3.02569164431407     
          87  -3.24499066685033     
          88  -3.47043819743788     
          89  -3.69531074773598     
          90  -3.92645369969235     
          91  -4.16733926034061     
          92  -4.38641309780210     
          93  -4.64157275600490     
          94  -4.88202044881864     
          95  -5.11721678919625     
          96  -5.36121611993680     
          97  -5.61293983182274     
          98  -5.85551089929995     
          99  -6.11092607663507     
         100  -6.36309250503046     
         101  -6.63125223390251     
         102  -6.88101451163065     
         103  -7.15567572644032     
         104  -7.42500705621879     
         105  -7.68033527608863     
         106  -7.93998718893785     
         107  -8.19191108773097     
