# variables: it residual
           1  0.455022892116448     
           2  0.442237028546395     
           3  0.437967114023110     
           4  0.436836037287088     
           5  0.437333233794814     
           6  0.432983248801534     
           7  0.426774356448581     
           8  0.419856962924345     
           9  0.414325550450750     
          10  0.412811801550605     
          11  0.410553942009914     
          12  0.407031655067962     
          13  0.403647299669463     
          14  0.402135302147125     
          15  0.401455778399403     
          16  0.397795816355330     
          17  0.394295992986242     
          18  0.390741052453410     
          19  0.387208129036480     
          20  0.382393520530950     
          21  0.374967642397658     
          22  0.369461565108855     
          23  0.362430849346149     
          24  0.353453559543328     
          25  0.346235666589929     
          26  0.338961401022586     
          27  0.331407810126043     
          28  0.323307017588589     
          29  0.315957846824223     
          30  0.307700812881529     
          31  0.299985032739942     
          32  0.291054889649595     
          33  0.285059344104325     
          34  0.277841738498871     
          35  0.270667557818681     
          36  0.263269405198393     
          37  0.255334732250920     
          38  0.247759341740367     
          39  0.238919282764171     
          40  0.231529073126390     
          41  0.224089793509208     
          42  0.216393083566913     
          43  0.206676042475753     
          44  0.197999035351417     
          45  0.191547728750703     
          46  0.187230461777827     
          47  0.182764780368133     
          48  0.178327710396598     
          49  0.175339550023139     
          50  0.172911053479352     
          51  0.172884249317812     
          52  0.173299809581355     
          53  0.172378160214377     
          54  0.170966653102570     
          55  0.167288932587175     
          56  0.162082329503111     
          57  0.154167002060507     
          58  0.148086501295050     
          59  0.142085199362602     
          60  0.135996520814843     
          61  0.132562159213964     
          62  0.129001224232604     
          63  0.124991526191821     
          64  0.120285843844305     
          65  0.116020030702302     
          66  0.111382724931986     
          67  0.105381764941992     
          68  0.100648637524644     
          69  9.309843950714766E-002
          70  8.091387914091160E-002
          71  6.908551528181370E-002
          72  5.655788720813923E-002
          73  4.269931606903917E-002
          74  2.890076253870213E-002
          75  1.280723742158523E-002
          76 -4.388310440020444E-003
          77 -2.464405102031679E-002
          78 -4.718701326874764E-002
          79 -7.029747573697272E-002
          80 -9.291283787032902E-002
          81 -0.114306276099096     
          82 -0.135706527319840     
          83 -0.156664315122218     
          84 -0.173811882982584     
          85 -0.192703360818220     
          86 -0.212430937103230     
          87 -0.228965608750545     
          88 -0.238962370202673     
          89 -0.248620008777407     
          90 -0.257982412282079     
          91 -0.268759590145838     
          92 -0.280535360017585     
          93 -0.292530790388086     
          94 -0.305335917700575     
          95 -0.319631234879170     
          96 -0.335103157570563     
          97 -0.350132137393604     
          98 -0.363118782972156     
          99 -0.378954816925635     
         100 -0.395578807596884     
         101 -0.411742793791685     
         102 -0.427467923187782     
         103 -0.442302082290408     
         104 -0.456693524437773     
         105 -0.469015462988198     
         106 -0.480183057928991     
         107 -0.490926983004139     
         108 -0.499908791039372     
         109 -0.509537152508480     
         110 -0.520634451692529     
         111 -0.533141332562822     
         112 -0.544510494492136     
         113 -0.559155479554426     
         114 -0.573862010053601     
         115 -0.583153432352214     
         116 -0.588453471464313     
         117 -0.593210599257866     
         118 -0.603346760276390     
         119 -0.615448159095944     
         120 -0.627500996878441     
         121 -0.636294655018732     
         122 -0.643575130319022     
         123 -0.649242145574440     
         124 -0.655404428867667     
         125 -0.669904198089748     
         126 -0.687423723788175     
         127 -0.697170475586486     
         128 -0.701518845090372     
         129 -0.711074172915502     
         130 -0.720960459705921     
         131 -0.732537776352076     
         132 -0.734548892422194     
         133 -0.741952432837852     
         134 -0.761623788990596     
         135 -0.791334292454483     
         136 -0.803795703946122     
         137 -0.819731033796029     
         138 -0.844106498724062     
         139 -0.874048027547184     
         140 -0.910985560369132     
         141 -0.951951396729952     
         142 -0.987084596743066     
         143  -1.00389676571722     
         144  -1.02109253839980     
         145  -1.04123580144335     
         146  -1.06090379198374     
         147  -1.08557506550295     
         148  -1.11393289331559     
         149  -1.14634113712590     
         150  -1.18759544641748     
         151  -1.22897629976213     
         152  -1.26946606813487     
         153  -1.30872851473385     
         154  -1.34387364846368     
         155  -1.39586824628570     
         156  -1.41882189356526     
         157  -1.43820006301794     
         158  -1.45826197922848     
         159  -1.48474979848890     
         160  -1.48359112375370     
         161  -1.48667977316883     
         162  -1.49847778832730     
         163  -1.51907819511400     
         164  -1.55062520751017     
         165  -1.59094970363278     
         166  -1.61663537507555     
         167  -1.62562781771572     
         168  -1.64061895350684     
         169  -1.65976238730993     
         170  -1.68504034440924     
         171  -1.72179973055396     
         172  -1.75833777585675     
         173  -1.79011096764265     
         174  -1.81955489305043     
         175  -1.84640829846464     
         176  -1.87325070748732     
         177  -1.89552190356180     
         178  -1.91536588149777     
         179  -1.93240905969053     
         180  -1.94128158961058     
         181  -1.95075801602662     
         182  -1.96078126508991     
         183  -1.97091441731026     
         184  -1.98553943503895     
         185  -2.00409898189026     
         186  -2.01880810160950     
         187  -2.02813523142885     
         188  -2.03008838854113     
         189  -2.03485952617315     
         190  -2.04346646875156     
         191  -2.05162591557649     
         192  -2.06423906914431     
         193  -2.08015031342388     
         194  -2.09521243880302     
         195  -2.10913261613728     
         196  -2.12029802261937     
         197  -2.13145032715646     
         198  -2.14600447219537     
         199  -2.16016355521843     
         200  -2.16744323097232     
         201  -2.17694111338282     
         202  -2.19069764248939     
         203  -2.20548084099008     
         204  -2.22025818561813     
         205  -2.23448420982024     
         206  -2.25138955927802     
         207  -2.26741174752338     
         208  -2.28070168427153     
         209  -2.29489800927091     
         210  -2.31127996576266     
         211  -2.33124905534507     
         212  -2.35158544608200     
         213  -2.36959564923660     
         214  -2.38522227170160     
         215  -2.40029405184061     
         216  -2.41442404572093     
         217  -2.42524637521085     
         218  -2.43182010723812     
         219  -2.43618442411716     
         220  -2.44328446706097     
         221  -2.44991480119595     
         222  -2.45737937031665     
         223  -2.46750867621404     
         224  -2.48062730276776     
         225  -2.49971335089361     
         226  -2.52451376285701     
         227  -2.55545921532537     
