# variables: it residual
           1  0.459816342135837     
           2  0.459413936592860     
           3  0.452566927732109     
           4  0.443843649787439     
           5  0.433110051269555     
           6  0.421654228783847     
           7  0.409620464930776     
           8  0.398223347064184     
           9  0.387064788659090     
          10  0.375428341552903     
          11  0.363512269047529     
          12  0.352296620627553     
          13  0.341411938613785     
          14  0.330875447210539     
          15  0.320139531209721     
          16  0.308970191082859     
          17  0.297683995583176     
          18  0.286218315826295     
          19  0.274520890050457     
          20  0.262730516078283     
          21  0.250794982644223     
          22  0.238896319074940     
          23  0.226890405742151     
          24  0.215159437820641     
          25  0.203438109787489     
          26  0.191805119696556     
          27  0.180562657289675     
          28  0.169402968715440     
          29  0.158468923873089     
          30  0.147840863435748     
          31  0.137374682551826     
          32  0.127458419999653     
          33  0.117811133471422     
          34  0.108264236693850     
          35  9.874763106750721E-002
          36  8.966744517078563E-002
          37  8.110302284403208E-002
          38  7.253860174581679E-002
          39  6.397301208302628E-002
          40  5.529250578890867E-002
          41  4.681755778196528E-002
          42  3.847481544546241E-002
          43  3.030395056907101E-002
          44  2.237188790477230E-002
          45  1.438925906409263E-002
          46  6.467101851515196E-003
          47 -9.687445505889633E-004
          48 -8.228955758777287E-003
          49 -1.546655039342335E-002
          50 -2.243265539396085E-002
          51 -2.940151822164036E-002
          52 -3.646023977190504E-002
          53 -4.336886553751995E-002
          54 -5.021714463908120E-002
          55 -5.721070476082749E-002
          56 -6.427037819751694E-002
          57 -7.140698223376218E-002
          58 -7.873000809992815E-002
          59 -8.625577526094187E-002
          60 -9.394730029128154E-002
          61 -0.101751152396452     
          62 -0.109491245142048     
          63 -0.117471174284105     
          64 -0.125654394378512     
          65 -0.133816689140589     
          66 -0.142173966953644     
          67 -0.150721605052916     
          68 -0.159423486496394     
          69 -0.168139740152080     
          70 -0.177047783040577     
          71 -0.186104038833402     
          72 -0.195193070731012     
          73 -0.204227106811585     
          74 -0.213234608836189     
          75 -0.222295499420571     
          76 -0.231533046112191     
          77 -0.240944457217074     
          78 -0.250441614281449     
          79 -0.259936549843620     
          80 -0.269309755641767     
          81 -0.278706369538283     
          82 -0.288100283331086     
          83 -0.297606102676347     
          84 -0.307253560764520     
          85 -0.317045199067267     
          86 -0.326979163723688     
          87 -0.336966885107867     
          88 -0.346862864632461     
          89 -0.356679799954809     
          90 -0.366621682633451     
          91 -0.376684843545996     
          92 -0.386865475135360     
          93 -0.397159705656091     
          94 -0.407563661848075     
          95 -0.418073522684858     
          96 -0.428685566065367     
          97 -0.439396208994366     
          98 -0.450202041837160     
          99 -0.461099857400367     
         100 -0.472089446351883     
         101 -0.483167531680413     
         102 -0.494328185797597     
         103 -0.505571406807292     
         104 -0.516961406657106     
         105 -0.528403207518195     
         106 -0.539906554953005     
         107 -0.551476048732930     
         108 -0.563113907632394     
         109 -0.574821317202349     
         110 -0.586599079004235     
         111 -0.598447917792425     
         112 -0.610368622347978     
         113 -0.622362105954752     
         114 -0.634429009018809     
         115 -0.646570777993362     
         116 -0.658789043666781     
         117 -0.671085282375020     
         118 -0.683461097058371     
         119 -0.695918201738166     
         120 -0.708458407682680     
         121 -0.721083609972152     
         122 -0.733795774184785     
         123 -0.746596923209072     
         124 -0.759489124252730     
         125 -0.772474476121364     
         126 -0.785555096827650     
         127 -0.798733111578396     
         128 -0.812010641175848     
         129 -0.825389790861438     
         130 -0.838872639624488     
         131 -0.852461229994538     
         132 -0.866157558333577     
         133 -0.879963565642598     
         134 -0.893881128895941     
         135 -0.907912052915779     
         136 -0.922058062798498     
         137 -0.936320796903642     
         138 -0.950701800415306     
         139 -0.965202519484692     
         140 -0.979824295961342     
         141 -0.994568362719012     
         142  -1.00943583958077     
         143  -1.02442772984580     
         144  -1.03954491741883     
         145  -1.05478816454054     
         146  -1.07015811011536     
         147  -1.08565526863051     
         148  -1.10128002965742     
         149  -1.11703265792429     
         150  -1.13291329394567     
         151  -1.14892195519197     
         152  -1.16505853777955     
         153  -1.18132281865861     
         154  -1.19771445827425     
         155  -1.21423300367272     
         156  -1.23087789202337     
         157  -1.24764845452394     
         158  -1.26454392065573     
         159  -1.28156342275268     
         160  -1.29870600084824     
         161  -1.31597060776207     
         162  -1.33335611438847     
         163  -1.35086131514838     
         164  -1.36848493356651     
         165  -1.38622562793636     
         166  -1.40408199703585     
         167  -1.42205258585841     
         168  -1.44013589132544     
         169  -1.45833036794758     
         170  -1.47663443340460     
         171  -1.49504647401611     
         172  -1.51356485007678     
         173  -1.53218790103339     
         174  -1.55091395048246     
