# variables: it residual
           1  0.474465127343313     
           2  0.453714085709207     
           3  0.448243259950786     
           4  0.445123811348398     
           5  0.440681146895688     
           6  0.433853050140267     
           7  0.425780813161525     
           8  0.417746090030319     
           9  0.409592534119361     
          10  0.408585578914263     
          11  0.407332810114792     
          12  0.406664028457535     
          13  0.406556431886272     
          14  0.405880855869675     
          15  0.405794431121648     
          16  0.404296396245953     
          17  0.399502399153991     
          18  0.392429301333506     
          19  0.386385066201123     
          20  0.381123964277629     
          21  0.376557635985794     
          22  0.370528402127277     
          23  0.364277789898050     
          24  0.355860840378952     
          25  0.345949112318189     
          26  0.336293776794902     
          27  0.328364907270384     
          28  0.321363689206666     
          29  0.311011589854165     
          30  0.301826108529646     
          31  0.291598533293203     
          32  0.280223341794111     
          33  0.269543861196741     
          34  0.260029015577211     
          35  0.251288455456485     
          36  0.240304178288741     
          37  0.229554611554653     
          38  0.217521638564643     
          39  0.205316257301768     
          40  0.193618756632826     
          41  0.185542044345160     
          42  0.177399288565034     
          43  0.168991717683097     
          44  0.161487763431596     
          45  0.153728067646205     
          46  0.149188720137874     
          47  0.147217581781114     
          48  0.146763485795243     
          49  0.144560450056566     
          50  0.141041589003282     
          51  0.134648320034344     
          52  0.128012002341939     
          53  0.120747981482199     
          54  0.112876081138937     
          55  0.105636194492367     
          56  9.907977618994733E-002
          57  9.376390595274132E-002
          58  8.992867137576015E-002
          59  8.661383709141257E-002
          60  8.305955564842107E-002
          61  7.860278451741605E-002
          62  7.144179732903617E-002
          63  6.259742966692575E-002
          64  5.315636018553770E-002
          65  4.397471340571737E-002
          66  3.417398946096030E-002
          67  2.415534895079837E-002
          68  1.140632856202593E-002
          69 -2.934347057221278E-003
          70 -1.872146393879116E-002
          71 -3.414870850502395E-002
          72 -5.000049937071459E-002
          73 -6.460961323094776E-002
          74 -7.823997962294496E-002
          75 -9.204641612765128E-002
          76 -0.105897120066645     
          77 -0.119833548795148     
          78 -0.135211118845632     
          79 -0.150999246732336     
          80 -0.166968183337633     
          81 -0.182058505080256     
          82 -0.197247314737663     
          83 -0.212270472911758     
          84 -0.225991990906024     
          85 -0.237930584248460     
          86 -0.249573047273806     
          87 -0.260527420919116     
          88 -0.272058650092690     
          89 -0.282972832198789     
          90 -0.293951862188115     
          91 -0.305644594186249     
          92 -0.318092304032182     
          93 -0.329265729547503     
          94 -0.341176154941664     
          95 -0.354582379464352     
          96 -0.368929051892180     
          97 -0.384171071029641     
          98 -0.399896927014845     
          99 -0.416271650830737     
         100 -0.432943982340405     
         101 -0.448300949791614     
         102 -0.460846420133672     
         103 -0.473280292755502     
         104 -0.487327410499235     
         105 -0.503537772918568     
         106 -0.521391008762925     
         107 -0.538746035017986     
         108 -0.556843274606148     
         109 -0.573077065885159     
         110 -0.586395937632545     
         111 -0.600789463438163     
         112 -0.612932993708596     
         113 -0.622633505657528     
         114 -0.632112406949960     
         115 -0.643807762951879     
         116 -0.656770349175158     
         117 -0.672507977213011     
         118 -0.688201976357377     
         119 -0.702077970942093     
         120 -0.716164309932241     
         121 -0.731510601600696     
         122 -0.749086274609280     
         123 -0.769316191072891     
         124 -0.789485266264132     
         125 -0.805051998787402     
         126 -0.820082987874234     
         127 -0.837538105452707     
         128 -0.857855313264847     
         129 -0.879889277089167     
         130 -0.904827674611656     
         131 -0.931531993968063     
         132 -0.956030271684329     
         133 -0.978001081848382     
         134 -0.999659351590524     
         135  -1.02266501607134     
         136  -1.05057081952978     
         137  -1.07933769694840     
         138  -1.10977408036216     
         139  -1.13932016702444     
         140  -1.16723680314361     
         141  -1.19514168709729     
         142  -1.22633969499298     
         143  -1.25567084325648     
         144  -1.28052663789706     
         145  -1.30337386564676     
         146  -1.32873070336540     
         147  -1.35607683662611     
         148  -1.38937322570800     
         149  -1.42626572392161     
         150  -1.46313460145007     
         151  -1.49837984271070     
         152  -1.53513676323510     
