@variables: it residual
           1   4.89067879972697     
           2   4.86663665838883     
           3   4.85060548264077     
           4   4.83990590714541     
           5   4.83467298636845     
           6   4.82309424489658     
           7   4.81237314848523     
           8   4.80237946850291     
           9   4.79314950261944     
          10   4.79243973576614     
          11   4.78865963533474     
          12   4.78129257202513     
          13   4.77294596261761     
          14   4.76807115912657     
          15   4.76574517138534     
          16   4.75674096675896     
          17   4.74852061866079     
          18   4.74126929648408     
          19   4.73303221406662     
          20   4.72244894416021     
          21   4.70739198707642     
          22   4.69961542628476     
          23   4.69041470466751     
          24   4.67718824586233     
          25   4.66835396545691     
          26   4.65777897850212     
          27   4.64603876981186     
          28   4.63166601826900     
          29   4.62474671908502     
          30   4.61971437887963     
          31   4.61301021670197     
          32   4.60444470944793     
          33   4.59863826630436     
          34   4.58750978595687     
          35   4.57658211322396     
          36   4.56595581234740     
          37   4.55808183474724     
          38   4.55124614225373     
          39   4.54124775615829     
          40   4.53303372056750     
          41   4.52609666161615     
          42   4.51729337660279     
          43   4.50507484058244     
          44   4.49523482214817     
          45   4.48971197627703     
          46   4.48752303827711     
          47   4.48365135174495     
          48   4.47908645314289     
          49   4.47522957607732     
          50   4.47811056023563     
          51   4.48750398766370     
          52   4.49344004458343     
          53   4.49452310499752     
          54   4.49538385264004     
          55   4.49052216527600     
          56   4.48453468427599     
          57   4.47799784123741     
          58   4.47594615806894     
          59   4.47352376788370     
          60   4.46752526335126     
          61   4.46195188470056     
          62   4.46030757229919     
          63   4.45874433331404     
          64   4.45289096126850     
          65   4.44798086174227     
          66   4.44486672408217     
          67   4.43942514400343     
          68   4.43654868278936     
          69   4.43072258934261     
          70   4.41713161555716     
          71   4.40387711475423     
          72   4.39053896519034     
          73   4.37286000692854     
          74   4.35831629876824     
          75   4.34329212442504     
          76   4.32635019040726     
          77   4.30458383012855     
          78   4.28039004005603     
          79   4.25342903126186     
          80   4.22858366015596     
          81   4.20575775969087     
          82   4.18333108128311     
          83   4.16502193818021     
          84   4.14872554330712     
          85   4.12840503337818     
          86   4.10256133317718     
          87   4.08161461603518     
          88   4.07480996674031     
          89   4.06986523220285     
          90   4.06394299874132     
          91   4.05517932389854     
          92   4.04411167501631     
          93   4.03380098025282     
          94   4.02316900512482     
          95   4.01088562437079     
          96   3.99576076001367     
          97   3.98286393850851     
          98   3.96942034394856     
          99   3.95315670121820     
         100   3.93651341860803     
         101   3.91866261755999     
         102   3.90062112939960     
         103   3.88436106437099     
         104   3.87033411905864     
         105   3.85896191569648     
         106   3.85080502717802     
         107   3.84281207373196     
         108   3.83604810966473     
         109   3.82482874186224     
         110   3.81169932457666     
         111   3.79870039015430     
         112   3.79010027689345     
         113   3.77853423214177     
         114   3.76742510402212     
         115   3.75856908139239     
         116   3.75461277703539     
         117   3.75257239719387     
         118   3.74463540309103     
         119   3.73258051764439     
         120   3.72379083039578     
         121   3.71592784972863     
         122   3.70708462460533     
         123   3.70067484137669     
         124   3.69514916258451     
         125   3.67891523318237     
         126   3.66194495511607     
         127   3.65246372031080     
         128   3.64615500941447     
         129   3.63520924558102     
         130   3.62763136290328     
         131   3.61650363966008     
         132   3.61193506292095     
         133   3.60560061010636     
         134   3.58918831309490     
         135   3.55840804390703     
         136   3.54418651638841     
         137   3.52369711834922     
         138   3.49491851245520     
         139   3.46375535854217     
         140   3.42687146613316     
         141   3.38596474978749     
         142   3.36049519575865     
         143   3.35073949141893     
         144   3.33567394800628     
         145   3.31589847686430     
         146   3.29600811891367     
         147   3.26903251799525     
         148   3.23748582032713     
         149   3.20324277952658     
         150   3.15768720190305     
         151   3.12046634549712     
         152   3.08500280030501     
         153   3.04882865288174     
         154   3.01375971523139     
         155   2.94663748856117     
         156   2.92054093964941     
         157   2.90465781305021     
         158   2.88646842129463     
         159   2.85593465854537     
         160   2.86652894964273     
         161   2.87365998671108     
         162   2.87049551554605     
         163   2.85653549321197     
         164   2.82378334916595     
         165   2.78009022763907     
         166   2.75947443410662     
         167   2.75417959812354     
         168   2.73356959797647     
         169   2.71413777750560     
         170   2.68789478968877     
         171   2.64585737943072     
         172   2.60557952746116     
         173   2.57214881800102     
         174   2.54295919050370     
         175   2.51230029207212     
         176   2.47983346655368     
         177   2.45110042205613     
         178   2.42677794221118     
         179   2.40538330954444     
         180   2.39982163662775     
         181   2.39310005064520     
         182   2.38403316522499     
         183   2.37605384455038     
         184   2.36346277608462     
         185   2.34250826939806     
         186   2.32893835783951     
         187   2.31095929519665     
         188   2.31383442151130     
         189   2.31463249378472     
         190   2.30899432426978     
         191   2.30245574848289     
         192   2.29160603722679     
         193   2.27674673386855     
         194   2.26277383032958     
         195   2.24829376569870     
         196   2.23476263279337     
         197   2.22120640467977     
         198   2.20659419247375     
         199   2.20241550228628     
         200   2.20147417488540     
         201   2.19248546147372     
         202   2.17495405047130     
         203   2.15527144512608     
         204   2.13681010217159     
         205   2.11693942564364     
         206   2.10144244762138     
         207   2.08509059236950     
         208   2.07739555891522     
         209   2.06771692795719     
         210   2.05379349604734     
         211   2.03619563452500     
         212   2.01737536989324     
         213   2.00272034534901     
         214   1.98159220959936     
         215   1.95836265635402     
         216   1.93787544224660     
         217   1.92483664132545     
         218   1.91478766233953     
         219   1.90821090520210     
         220   1.90332088407529     
         221   1.90036338990903     
         222   1.89305715132829     
         223   1.88263017614337     
         224   1.86969188984171     
         225   1.85495759876431     
         226   1.83625333458648     
         227   1.81135075067547     
         228   1.78018509196495     
         229   1.75100678892411     
         230   1.73522298859269     
         231   1.72903820427589     
         232   1.72193189208955     
         233   1.71272447178151     
         234   1.70255343237386     
         235   1.68862340464419     
         236   1.66994147099060     
         237   1.64827953223033     
         238   1.61920669308915     
         239   1.59855949344400     
         240   1.58713327372715     
         241   1.58724122092080     
         242   1.58365710238515     
         243   1.57375455507058     
         244   1.55944564855736     
         245   1.53991319894591     
         246   1.51626526756888     
         247   1.48744125098992     
         248   1.45402071331805     
         249   1.41704291055705     
         250   1.37476782263199     
         251   1.33029991256319     
         252   1.28580630226287     
         253   1.24619800664130     
         254   1.22312403300981     
         255   1.21204048075070     
         256   1.20042894731565     
         257   1.18857162192657     
         258   1.17701397674011     
         259   1.16433218190537     
         260   1.15007569567120     
         261   1.13299147272261     
         262   1.11516315136516     
         263   1.09574747503295     
         264   1.07791287840790     
         265   1.06017757145285     
         266   1.04551925862524     
         267   1.03222728983870     
         268   1.02263418657069     
         269   1.01653439971401     
         270   1.00965670075977     
         271  0.996613590070124     
         272  0.978417185962489     
         273  0.959222981163344     
         274  0.942455169128176     
         275  0.924015590049384     
         276  0.904946344803713     
         277  0.886458363460357     
         278  0.863244783403273     
         279  0.837096661432551     
         280  0.810818045503978     
         281  0.783888294758123     
         282  0.756377059813654     
         283  0.727580689324805     
         284  0.695385965416556     
         285  0.664964034638025     
         286  0.639559515750632     
         287  0.618541006210867     
         288  0.602525293130345     
         289  0.591616659824375     
         290  0.581629047284437     
         291  0.569901450543151     
         292  0.566876929417696     
         293  0.566620533150206     
         294  0.572528669805107     
         295  0.575800580062907     
         296  0.574836095959252     
         297  0.570443652074003     
         298  0.565843568475664     
         299  0.562070858953812     
         300  0.554626611702867     
         301  0.544358437519368     
         302  0.530607795595840     
         303  0.513090608625017     
         304  0.494206059453932     
         305  0.474933849134792     
         306  0.459856853341149     
         307  0.454373974358720     
         308  0.450754917111441     
         309  0.441865627996946     
         310  0.432423515416117     
         311  0.422505069419389     
         312  0.407910633986800     
         313  0.388934487378552     
         314  0.365911542757359     
         315  0.339388552046658     
         316  0.312226700858547     
         317  0.280210898453341     
         318  0.247205274800908     
         319  0.221663184202504     
         320  0.206529762507479     
         321  0.189460458781531     
         322  0.173145404726914     
         323  0.160408222191201     
         324  0.148681091088725     
         325  0.139017035227921     
         326  0.125805527763785     
         327  0.109807313543738     
         328  9.165678665952666E-002
         329  7.468012775565115E-002
         330  6.756323269620668E-002
         331  5.748506604005341E-002
         332  4.421437449090728E-002
         333  3.008356380330537E-002
         334  1.555243189292937E-002
         335  4.171953660613570E-004
         336 -1.337164284117717E-002
         337 -2.791044143272664E-002
         338 -4.451345239712903E-002
         339 -6.238504343150025E-002
         340 -7.924312649813975E-002
         341 -9.386227175993285E-002
         342 -0.109297500572118     
         343 -0.126182143966063     
         344 -0.141276227827635     
         345 -0.160029271448977     
         346 -0.179935727968927     
         347 -0.198131799205697     
         348 -0.218956827161721     
         349 -0.233789136761645     
         350 -0.241160233133369     
         351 -0.250895334490050     
         352 -0.263143927242796     
         353 -0.276514294497052     
         354 -0.289666155617420     
         355 -0.302712277810530     
         356 -0.316107389372720     
         357 -0.333540572344222     
         358 -0.356462320455651     
         359 -0.377276471960119     
         360 -0.394035045764304     
         361 -0.406485883562280     
         362 -0.421170557946348     
         363 -0.438481647179588     
         364 -0.456927852427538     
         365 -0.473276410271695     
         366 -0.490148917244387     
         367 -0.510037679192085     
         368 -0.530860508943663     
         369 -0.551370958463264     
         370 -0.572607652427320     
         371 -0.594520533550685     
         372 -0.614490039813949     
         373 -0.631582350498171     
         374 -0.645887929526164     
         375 -0.661471390517298     
         376 -0.672600478557315     
         377 -0.682444086098691     
         378 -0.694497928506536     
         379 -0.708081296921143     
         380 -0.723567836061499     
         381 -0.736485259277552     
         382 -0.748811764899330     
         383 -0.757932546549508     
         384 -0.763427412120800     
         385 -0.769244311217868     
         386 -0.777839774307348     
         387 -0.787906709361730     
         388 -0.796743675178197     
         389 -0.803098727249000     
         390 -0.807209333421522     
         391 -0.813065032856482     
         392 -0.823176608130785     
         393 -0.835901119045086     
         394 -0.849649652771298     
         395 -0.863816672244266     
         396 -0.877674432984268     
         397 -0.887810446654028     
         398 -0.901559871789588     
         399 -0.916736220647123     
         400 -0.930133572800502     
         401 -0.946592439827274     
         402 -0.966201652905637     
         403 -0.985047317817450     
         404  -1.00170403668312     
         405  -1.01946573123756     
         406  -1.03873072181598     
         407  -1.06017284995869     
         408  -1.08478026129702     
         409  -1.10752436627341     
         410  -1.12904523570502     
