# variables: it residual
           1  0.457183749745645     
           2  0.441698210280793     
           3  0.437668947134132     
           4  0.435377003501513     
           5  0.433544334554940     
           6  0.428278702251242     
           7  0.422359846901740     
           8  0.415834085490312     
           9  0.409578544908613     
          10  0.405223033007912     
          11  0.401387836756112     
          12  0.396734974063388     
          13  0.391991525355216     
          14  0.389196776461825     
          15  0.388024845808319     
          16  0.384603438405208     
          17  0.380786283576881     
          18  0.376714254616355     
          19  0.372864073879980     
          20  0.367758263468517     
          21  0.360505855983497     
          22  0.353704064886339     
          23  0.346281867919107     
          24  0.337065756564112     
          25  0.329149700246817     
          26  0.321284750192997     
          27  0.312292132041261     
          28  0.302639366549093     
          29  0.293940134668509     
          30  0.286623290303659     
          31  0.277898686307647     
          32  0.268262911548016     
          33  0.261116116793436     
          34  0.254913162034711     
          35  0.248128288340784     
          36  0.240310244010881     
          37  0.233399217507812     
          38  0.226128834690955     
          39  0.219164620290429     
          40  0.212691689314141     
          41  0.204431743803604     
          42  0.195336399755197     
          43  0.185993565629961     
          44  0.178191911996257     
          45  0.172950497200546     
          46  0.169680943960769     
          47  0.165988765940702     
          48  0.161659447662083     
          49  0.159457826028127     
          50  0.157917674617285     
          51  0.158177695479512     
          52  0.158082881652947     
          53  0.155831249292957     
          54  0.153525037903494     
          55  0.149745993008106     
          56  0.144944003589569     
          57  0.138856998056727     
          58  0.132641115363941     
          59  0.126345899803619     
          60  0.119728108973309     
          61  0.115809798562963     
          62  0.112683040897539     
          63  0.110141763802202     
          64  0.105823553217264     
          65  0.102257829393893     
          66  9.794252467339373E-002
          67  9.284856308897123E-002
          68  8.837164335647958E-002
          69  8.112677525206227E-002
          70  7.047372759997253E-002
          71  5.752227380008532E-002
          72  4.468670643676051E-002
          73  3.041179066637167E-002
          74  1.603434976777006E-002
          75 -5.066316266095327E-004
          76 -1.935896996576870E-002
          77 -4.069372396144555E-002
          78 -6.385741845133269E-002
          79 -8.679742714875754E-002
          80 -0.107804967195069     
          81 -0.127104368678206     
          82 -0.146102953729274     
          83 -0.164633837069549     
          84 -0.182721834719342     
          85 -0.200718306744214     
          86 -0.217685553077813     
          87 -0.230667746084984     
          88 -0.240807093513165     
          89 -0.251776744353847     
          90 -0.263761554413115     
          91 -0.274881573238607     
          92 -0.285456999668016     
          93 -0.296507338956205     
          94 -0.308346241691851     
          95 -0.321677613866781     
          96 -0.335222438518129     
          97 -0.348966689778680     
          98 -0.364147577867728     
          99 -0.382291668585055     
         100 -0.400939815944993     
         101 -0.419269981888291     
         102 -0.437285121511685     
         103 -0.454481733099147     
         104 -0.470575589532872     
         105 -0.484149504155761     
         106 -0.497095620938402     
         107 -0.508645080771317     
         108 -0.517497355529718     
         109 -0.524070035286701     
         110 -0.530812686225697     
         111 -0.537447496610836     
         112 -0.545214138963907     
         113 -0.554244062475911     
         114 -0.564072031750775     
         115 -0.575970618579271     
         116 -0.587497126509826     
         117 -0.599905890548912     
         118 -0.612381284392012     
         119 -0.623808605581087     
         120 -0.635230499492009     
         121 -0.647076327625968     
         122 -0.658130799331711     
         123 -0.668797327674585     
         124 -0.677702191894796     
         125 -0.682672171474014     
         126 -0.691118615250950     
         127 -0.701988942373259     
         128 -0.713835141399064     
         129 -0.723879796073354     
         130 -0.731260024602790     
         131 -0.739713541173455     
         132 -0.748103450889324     
         133 -0.758551201093485     
         134 -0.772287494387440     
         135 -0.783682233238528     
         136 -0.798267031404656     
         137 -0.819168983942115     
         138 -0.842605642235277     
         139 -0.865340555338171     
         140 -0.881130989411170     
         141 -0.900170323958526     
         142 -0.925641961123833     
         143 -0.955512447263961     
         144 -0.988387799199241     
         145  -1.02120700824837     
         146  -1.04108829317461     
         147  -1.06134036241310     
         148  -1.08322341826662     
         149  -1.10695943893687     
         150  -1.13343671090732     
         151  -1.16187168232157     
         152  -1.19654011528204     
         153  -1.23739031126974     
         154  -1.28250036102512     
         155  -1.32685217052610     
         156  -1.36633457106876     
         157  -1.40368311832516     
         158  -1.43472381192112     
         159  -1.46699963222395     
         160  -1.50303913353709     
         161  -1.53384835926350     
         162  -1.55722113099581     
         163  -1.56674521063798     
         164  -1.56251423074629     
         165  -1.56617937537567     
         166  -1.58215872272733     
         167  -1.60778562801816     
         168  -1.63358580434691     
         169  -1.65853001676205     
         170  -1.67607636222446     
         171  -1.69015761851444     
         172  -1.70942368075874     
         173  -1.73575727011309     
         174  -1.76771412377783     
         175  -1.79836243057957     
         176  -1.81469344198318     
         177  -1.83312377143920     
         178  -1.85231675250795     
         179  -1.87393172820019     
         180  -1.89098487856267     
         181  -1.89756386440494     
         182  -1.90743092817445     
         183  -1.91976945475091     
         184  -1.92796649600885     
         185  -1.93739878946194     
         186  -1.95228999819348     
         187  -1.96938734704651     
         188  -1.98055363827192     
         189  -1.99110988314857     
         190  -2.00220148578447     
         191  -2.01512782285628     
         192  -2.02978410647075     
         193  -2.04397179370247     
         194  -2.05742141163355     
         195  -2.06296672284002     
         196  -2.06095643671347     
         197  -2.06074517641610     
         198  -2.06310775214018     
         199  -2.06857003690681     
         200  -2.07804847666581     
         201  -2.08653908993306     
         202  -2.09539859382756     
         203  -2.10682553043001     
         204  -2.11764312145098     
         205  -2.12887897733012     
         206  -2.13657770357501     
         207  -2.14231991970974     
         208  -2.14490674449611     
         209  -2.14588826899540     
         210  -2.15074529924838     
         211  -2.15959101297910     
         212  -2.17008193104938     
         213  -2.18253296930064     
         214  -2.19693598887550     
         215  -2.21361001875639     
         216  -2.23188101959357     
         217  -2.25109300610019     
         218  -2.27031301557322     
         219  -2.28235401894712     
         220  -2.29231735906954     
         221  -2.30733747252301     
         222  -2.32262806578173     
         223  -2.33557125401074     
         224  -2.35050883030471     
         225  -2.36622365912847     
         226  -2.38375757236003     
         227  -2.39786393303585     
         228  -2.41054817673496     
         229  -2.42029726383902     
         230  -2.43212018390400     
         231  -2.44793250532298     
         232  -2.46289931129837     
         233  -2.47880657797622     
         234  -2.49848367103750     
         235  -2.51663858738010     
         236  -2.53273124170457     
         237  -2.54442270947571     
         238  -2.55708861036064     
         239  -2.57140583829428     
         240  -2.58858170730217     
         241  -2.60628453501623     
         242  -2.62193331314024     
         243  -2.63650145962250     
         244  -2.64806844153654     
         245  -2.66236858230413     
         246  -2.67203397174362     
         247  -2.68024996613760     
         248  -2.69064599371347     
         249  -2.70385790270020     
         250  -2.71615282694637     
         251  -2.72340503399831     
         252  -2.73287715059545     
         253  -2.74463562045526     
         254  -2.76166229840324     
         255  -2.78357083345188     
         256  -2.80503488500304     
         257  -2.82359531456113     
         258  -2.84264584036841     
         259  -2.85754190468681     
         260  -2.86960046268923     
         261  -2.88225089631885     
         262  -2.89897326295173     
         263  -2.91805165042744     
         264  -2.93699633184313     
         265  -2.95614188973243     
         266  -2.97424424726303     
         267  -2.99215044858456     
         268  -3.00366406675266     
         269  -3.01170548760942     
         270  -3.02034573933149     
         271  -3.02778588333034     
         272  -3.03653092270874     
         273  -3.04946706715013     
         274  -3.06367546018020     
         275  -3.07858656672741     
         276  -3.09327651033456     
         277  -3.10579090208413     
         278  -3.11813188597292     
         279  -3.13382743915416     
         280  -3.15247755757251     
         281  -3.17490325513475     
         282  -3.19830047157038     
         283  -3.21907890943854     
         284  -3.24083734939175     
         285  -3.26429828276227     
         286  -3.28621867548619     
         287  -3.30727428743971     
         288  -3.32511550949920     
         289  -3.34248862685751     
         290  -3.36136125732324     
         291  -3.37995171187103     
         292  -3.39669431291093     
         293  -3.40912696551306     
         294  -3.42200664415322     
         295  -3.43541183306226     
         296  -3.44697011004487     
         297  -3.45909194831346     
         298  -3.47185340048467     
         299  -3.48728993426538     
         300  -3.50492001119883     
         301  -3.52529525736803     
         302  -3.54187360431459     
         303  -3.55490766363634     
         304  -3.56805594047293     
         305  -3.58200817957911     
         306  -3.59877612753752     
         307  -3.61785700810107     
         308  -3.63985580973607     
         309  -3.66392238067174     
         310  -3.68348699117581     
         311  -3.69888535665378     
         312  -3.71718217216257     
         313  -3.73785079119936     
         314  -3.75848306225397     
         315  -3.77784428228178     
         316  -3.79503334355100     
         317  -3.80776754026250     
         318  -3.81708785672541     
         319  -3.82536961701066     
         320  -3.83316595332220     
         321  -3.84386513014825     
         322  -3.85312540771386     
         323  -3.86533042048269     
         324  -3.87962970755676     
         325  -3.89669804800560     
         326  -3.91472155271447     
         327  -3.92613537907214     
         328  -3.93572138929489     
         329  -3.94820293826062     
         330  -3.96110946798430     
         331  -3.97175365852965     
         332  -3.98105114925842     
         333  -3.99323753033125     
         334  -4.00461914344089     
         335  -4.01517541934487     
         336  -4.02668606565411     
         337  -4.04177654801777     
         338  -4.05667597075580     
         339  -4.07337016213105     
         340  -4.08815963686457     
         341  -4.09819886824558     
         342  -4.10834716498881     
         343  -4.12031010143533     
         344  -4.12751236291049     
         345  -4.13583509050960     
         346  -4.14710394274443     
         347  -4.16035483317947     
         348  -4.17110079091834     
         349  -4.18017405339761     
         350  -4.18763488924225     
         351  -4.19701075711264     
         352  -4.20746529452991     
         353  -4.21959655100033     
         354  -4.23146468042047     
         355  -4.24479993549021     
         356  -4.26059806747641     
         357  -4.27243262832415     
         358  -4.28724487003638     
         359  -4.30351051804484     
         360  -4.32031908166908     
         361  -4.33876301278433     
         362  -4.35783078559244     
         363  -4.37544721663666     
         364  -4.38842708192023     
         365  -4.39969270502968     
         366  -4.41019020705500     
         367  -4.42206811955733     
         368  -4.43453832719352     
         369  -4.44623993206625     
         370  -4.45984791656084     
         371  -4.47043040046587     
         372  -4.47874157431151     
         373  -4.48531851421335     
         374  -4.49037520891380     
         375  -4.49512474418378     
         376  -4.50273761885047     
         377  -4.51073501357617     
         378  -4.52014542185571     
         379  -4.53007317838273     
         380  -4.54124237804115     
         381  -4.55429116306170     
         382  -4.56765947700836     
         383  -4.57909816662210     
         384  -4.59057667815920     
         385  -4.60540864705141     
         386  -4.62112338797158     
         387  -4.63344774266519     
         388  -4.64322245187355     
         389  -4.65329902711930     
         390  -4.66387674926366     
         391  -4.67545128232288     
         392  -4.68782736408806     
         393  -4.70119675722938     
         394  -4.70968613855250     
         395  -4.71502971088496     
         396  -4.72153250037844     
         397  -4.72715119259067     
         398  -4.73484434388196     
         399  -4.74497103822761     
         400  -4.75626095877252     
         401  -4.76912437202956     
         402  -4.77651891347537     
         403  -4.78215271315792     
         404  -4.79037482706226     
         405  -4.80020308304028     
         406  -4.81292169853137     
         407  -4.82762031598909     
         408  -4.84303193094468     
         409  -4.85772140295511     
         410  -4.87188150129691     
         411  -4.88516936354861     
         412  -4.89514996856314     
         413  -4.90614531751144     
         414  -4.91972860659188     
         415  -4.93645112075285     
         416  -4.95376544736585     
         417  -4.97055829623454     
         418  -4.98693859097054     
         419  -5.00039749636131     
         420  -5.00774241973348     
         421  -5.01423120735503     
         422  -5.01709738164691     
         423  -5.02366034219121     
         424  -5.03460500863290     
         425  -5.04900376716888     
         426  -5.06381054089084     
         427  -5.07760920959212     
         428  -5.09021100910179     
         429  -5.10188381132570     
         430  -5.11289408047204     
         431  -5.12476354923234     
         432  -5.13870216068402     
         433  -5.15549064570324     
         434  -5.17352466447902     
         435  -5.18996690344401     
         436  -5.20625983111822     
         437  -5.21832429467462     
         438  -5.22897129900691     
         439  -5.24231773584421     
         440  -5.25717036028129     
         441  -5.27535020071632     
         442  -5.29541524929363     
         443  -5.31132899894128     
         444  -5.32553453345459     
         445  -5.33139697787259     
         446  -5.33579210944398     
         447  -5.34000087459122     
         448  -5.34707392506319     
         449  -5.35808590651781     
         450  -5.37384102671683     
         451  -5.39135237900572     
         452  -5.40894556238003     
         453  -5.42121226677854     
         454  -5.43129893660947     
         455  -5.44166792610332     
         456  -5.45618641651793     
         457  -5.47590372113174     
         458  -5.49994385791404     
         459  -5.52252923183147     
         460  -5.54023920102160     
         461  -5.55579428800021     
