@variables: it residual
           1   2.50773155388063     
           2   2.48349676170452     
           3   2.45997638184187     
           4   2.43716673079268     
           5   2.41506233546247     
           6   2.39365597770245     
           7   2.37293875774582     
           8   2.35290017511338     
           9   2.33352822518526     
          10   2.31480950932980     
          11   2.29672935625353     
          12   2.27927195209307     
          13   2.26242047671059     
          14   2.24615724367553     
          15   2.23046384150945     
          16   2.21532127392785     
          17   2.20071009702042     
          18   2.18661055155779     
          19   2.17300268888305     
          20   2.15986648913057     
          21   2.14718197079853     
          22   2.13492929097791     
          23   2.12308883579964     
          24   2.11164130089811     
          25   2.10056776189885     
          26   2.08984973511793     
          27   2.07946922881100     
          28   2.06940878542937     
          29   2.05965151543227     
          30   2.05018112326955     
          31   2.04098192619082     
          32   2.03203886655797     
          33   2.02333751834175     
          34   2.01486408847209     
          35   2.00660541368961     
          36   1.99854895351458     
          37   1.99068277991210     
          38   1.98299556419016     
          39   1.97547656162310     
          40   1.96811559424742     
          41   1.96090303223164     
          42   1.95382977417783     
          43   1.94688722667010     
          44   1.94006728334531     
          45   1.93336230372422     
          46   1.92676509200674     
          47   1.92026880184946     
          48   1.91386721841264     
          49   1.90755427402490     
          50   1.90132434429491     
          51   1.89517214805839     
          52   1.88909272868500     
          53   1.88308143605915     
          54   1.87713390926517     
          55   1.87124605999608     
          56   1.86541405669556     
          57   1.85963430943520     
          58   1.85390345552199     
          59   1.84821834582595     
          60   1.84257603181338     
          61   1.83697375326749     
          62   1.83140892667587     
          63   1.82587913426183     
          64   1.82038211363546     
          65   1.81491574803917     
          66   1.80947805716187     
          67   1.80406718849577     
          68   1.79868140920986     
          69   1.79331909851423     
          70   1.78797874049003     
          71   1.78265891736043     
          72   1.77735830317847     
          73   1.77207565790878     
          74   1.76680982188074     
          75   1.76155971059173     
          76   1.75632430983990     
          77   1.75110267116697     
          78   1.74589390759233     
          79   1.74069718962088     
          80   1.73551174150762     
          81   1.73033683776336     
          82   1.72517179988621     
          83   1.72001599330497     
          84   1.71486882452076     
          85   1.70972973843454     
          86   1.70459821584846     
          87   1.69947377113003     
          88   1.69435595002855     
          89   1.68924432763402     
          90   1.68413850646927     
          91   1.67903811470674     
          92   1.67394280450168     
          93   1.66885225043431     
          94   1.66376614805373     
          95   1.65868421251703     
          96   1.65360617731725     
          97   1.64853179309450     
          98   1.64346082652469     
          99   1.63839305928084     
         100   1.63332828706217     
         101   1.62826631868654     
         102   1.62320697524214     
         103   1.61815008929438     
         104   1.61309550414453     
         105   1.60804307313662     
         106   1.60299265900947     
         107   1.59794413329084     
         108   1.59289737573095     
         109   1.58785227377293     
         110   1.58280872205746     
         111   1.57776662195976     
         112   1.57272588115642     
         113   1.56768641322048     
         114   1.56264813724258     
         115   1.55761097747675     
         116   1.55257486300906     
         117   1.54753972744768     
         118   1.54250550863299     
         119   1.53747214836641     
         120   1.53243959215671     
         121   1.52740778898266     
         122   1.52237669107106     
         123   1.51734625368894     
         124   1.51231643494924     
         125   1.50728719562897     
         126   1.50225849899898     
         127   1.49723031066482     
         128   1.49220259841767     
         129   1.48717533209491     
         130   1.48214848344966     
         131   1.47712202602863     
         132   1.47209593505782     
         133   1.46707018733554     
         134   1.46204476113230     
         135   1.45701963609707     
         136   1.45199479316957     
         137   1.44697021449814     
         138   1.44194588336288     
         139   1.43692178410370     
         140   1.43189790205292     
         141   1.42687422347226     
         142   1.42185073549378     
         143   1.41682742606458     
         144   1.41180428389510     
         145   1.40678129841061     
         146   1.40175845970590     
         147   1.39673575850278     
         148   1.39171318611031     
         149   1.38669073438754     
         150   1.38166839570868     
         151   1.37664616293041     
         152   1.37162402936134     
         153   1.36660198873332     
         154   1.36158003517469     
         155   1.35655816318510     
         156   1.35153636761206     
         157   1.34651464362887     
         158   1.34149298671399     
         159   1.33647139263175     
         160   1.33144985741425     
         161   1.32642837734441     
         162   1.32140694894006     
         163   1.31638556893915     
         164   1.31136423428575     
         165   1.30634294211708     
         166   1.30132168975123     
         167   1.29630047467575     
         168   1.29127929453692     
         169   1.28625814712974     
         170   1.28123703038849     
         171   1.27621594237793     
         172   1.27119488128506     
         173   1.26617384541141     
         174   1.26115283316575     
         175   1.25613184305735     
         176   1.25111087368960     
         177   1.24608992375410     
         178   1.24106899202505     
         179   1.23604807735403     
         180   1.23102717866512     
         181   1.22600629495034     
         182   1.22098542526531     
         183   1.21596456872526     
         184   1.21094372450128     
         185   1.20592289181676     
         186   1.20090206994408     
         187   1.19588125820156     
         188   1.19086045595052     
         189   1.18583966259258     
         190   1.18081887756710     
         191   1.17579810034882     
         192   1.17077733044561     
         193   1.16575656739638     
         194   1.16073581076913     
         195   1.15571506015909     
         196   1.15069431518703     
         197   1.14567357549764     
         198   1.14065284075800     
         199   1.13563211065620     
         200   1.13061138489998     
         201   1.12559066321551     
         202   1.12056994534623     
         203   1.11554923105176     
         204   1.11052852010686     
         205   1.10550781230049     
         206   1.10048710743493     
         207   1.09546640532489     
         208   1.09044570579680     
         209   1.08542500868799     
         210   1.08040431384606     
         211   1.07538362112822     
         212   1.07036293040067     
         213   1.06534224153805     
         214   1.06032155442288     
         215   1.05530086894510     
         216   1.05028018500159     
         217   1.04525950249570     
         218   1.04023882133691     
         219   1.03521814144036     
         220   1.03019746272656     
         221   1.02517678512103     
         222   1.02015610855398     
         223   1.01513543296000     
         224   1.01011475827782     
         225   1.00509408445002     
         226   1.00007341142281     
         227  0.995052739145761     
         228  0.990032067571648     
         229  0.985011396656205     
         230  0.979990726357961     
         231  0.974970056638052     
         232  0.969949387460066     
         233  0.964928718789881     
         234  0.959908050595528     
         235  0.954887382847045     
         236  0.949866715516364     
         237  0.944846048577179     
         238  0.939825382004843     
         239  0.934804715776261     
         240  0.929784049869791     
         241  0.924763384265156     
         242  0.919742718943354     
         243  0.914722053886580     
         244  0.909701389078151     
         245  0.904680724502433     
         246  0.899660060144776     
         247  0.894639395991455     
         248  0.889618732029608     
         249  0.884598068247180     
         250  0.879577404632879     
         251  0.874556741176124     
         252  0.869536077866995     
         253  0.864515414696202     
         254  0.859494751655038     
         255  0.854474088735342     
         256  0.849453425929470     
         257  0.844432763230258     
         258  0.839412100630994     
         259  0.834391438125387     
         260  0.829370775707540     
         261  0.824350113371933     
         262  0.819329451113389     
         263  0.814308788927058     
         264  0.809288126808395     
         265  0.804267464753142     
         266  0.799246802757307     
         267  0.794226140817153     
         268  0.789205478929175     
         269  0.784184817090089     
         270  0.779164155296819     
         271  0.774143493546480     
         272  0.769122831836373     
         273  0.764102170163967     
         274  0.759081508526889     
         275  0.754060846922914     
         276  0.749040185349961     
         277  0.744019523806075     
         278  0.738998862289429     
         279  0.733978200798310     
         280  0.728957539331111     
         281  0.723936877886326     
         282  0.718916216462546     
         283  0.713895555058449     
         284  0.708874893672797     
         285  0.703854232304428     
         286  0.698833570952256     
         287  0.693812909615263     
         288  0.688792248292491     
         289  0.683771586983048     
         290  0.678750925686093     
         291  0.673730264400843     
         292  0.668709603126559     
         293  0.663688941862552     
         294  0.658668280608178     
         295  0.653647619362828     
         296  0.648626958125937     
         297  0.643606296896969     
         298  0.638585635675428     
         299  0.633564974460846     
         300  0.628544313252787     
         301  0.623523652050840     
         302  0.618502990854620     
         303  0.613482329663767     
         304  0.608461668477943     
         305  0.603441007296831     
         306  0.598420346120137     
         307  0.593399684947579     
         308  0.588379023778901     
         309  0.583358362613858     
         310  0.578337701452219     
         311  0.573317040293772     
         312  0.568296379138316     
         313  0.563275717985663     
         314  0.558255056835636     
         315  0.553234395688072     
         316  0.548213734542813     
         317  0.543193073399715     
         318  0.538172412258643     
         319  0.533151751119470     
         320  0.528131089982074     
         321  0.523110428846345     
         322  0.518089767712181     
         323  0.513069106579477     
         324  0.508048445448147     
         325  0.503027784318101     
         326  0.498007123189260     
         327  0.492986462061551     
         328  0.487965800934898     
         329  0.482945139809232     
         330  0.477924478684502     
         331  0.472903817560641     
         332  0.467883156437598     
         333  0.462862495315317     
         334  0.457841834193752     
         335  0.452821173072855     
         336  0.447800511952590     
         337  0.442779850832914     
         338  0.437759189713792     
         339  0.432738528595189     
         340  0.427717867477067     
         341  0.422697206359405     
         342  0.417676545242166     
         343  0.412655884125327     
         344  0.407635223008865     
         345  0.402614561892752     
         346  0.397593900776968     
         347  0.392573239661495     
         348  0.387552578546307     
         349  0.382531917431392     
         350  0.377511256316729     
         351  0.372490595202304     
         352  0.367469934088097     
         353  0.362449272974102     
         354  0.357428611860304     
         355  0.352407950746691     
         356  0.347387289633251     
         357  0.342366628519970     
         358  0.337345967406839     
         359  0.332325306293851     
         360  0.327304645180991     
         361  0.322283984068257     
         362  0.317263322955641     
         363  0.312242661843136     
         364  0.307222000730729     
         365  0.302201339618418     
         366  0.297180678506194     
         367  0.292160017394054     
         368  0.287139356282002     
         369  0.282118695170017     
         370  0.277098034058101     
         371  0.272077372946251     
         372  0.267056711834463     
         373  0.262036050722732     
         374  0.257015389611053     
         375  0.251994728499423     
         376  0.246974067387846     
         377  0.241953406276306     
         378  0.236932745164809     
         379  0.231912084053354     
         380  0.226891422941930     
         381  0.221870761830538     
         382  0.216850100719180     
         383  0.211829439607855     
         384  0.206808778496558     
         385  0.201788117385291     
         386  0.196767456274040     
         387  0.191746795162814     
         388  0.186726134051612     
         389  0.181705472940425     
         390  0.176684811829261     
         391  0.171664150718113     
         392  0.166643489606982     
         393  0.161622828495871     
         394  0.156602167384772     
         395  0.151581506273686     
         396  0.146560845162610     
         397  0.141540184051551     
         398  0.136519522940497     
         399  0.131498861829455     
         400  0.126478200718432     
         401  0.121457539607407     
         402  0.116436878496393     
         403  0.111416217385389     
         404  0.106395556274392     
         405  0.101374895163401     
         406  9.635423405242138E-002
         407  9.133357294144609E-002
         408  8.631291183047994E-002
         409  8.129225071951832E-002
         410  7.627158960855836E-002
         411  7.125092849760421E-002
         412  6.623026738665104E-002
         413  6.120960627571061E-002
         414  5.618894516477026E-002
         415  5.116828405382928E-002
         416  4.614762294289660E-002
         417  4.112696183197506E-002
         418  3.610630072104339E-002
         419  3.108563961011791E-002
         420  2.606497849919739E-002
         421  2.104431738827197E-002
         422  1.602365627736353E-002
         423  1.100299516645122E-002
         424  5.982334055532747E-003
         425  9.616729446290000E-004
         426 -4.058988166284264E-003
         427 -9.079649277192126E-003
         428 -1.410031038809551E-002
         429 -1.912097149899984E-002
         430 -2.414163260989716E-002
         431 -2.916229372080959E-002
         432 -3.418295483170614E-002
         433 -3.920361594261304E-002
         434 -4.422427705352071E-002
         435 -4.924493816441759E-002
         436 -5.426559927530433E-002
         437 -5.928626038620602E-002
         438 -6.430692149710009E-002
         439 -6.932758260799998E-002
         440 -7.434824371889916E-002
         441 -7.936890482979007E-002
         442 -8.438956594068989E-002
         443 -8.941022705157796E-002
         444 -9.443088816247136E-002
         445 -9.945154927336081E-002
         446 -0.104472210384256     
         447 -0.109492871495154     
         448 -0.114513532606040     
         449 -0.119534193716933     
         450 -0.124554854827811     
         451 -0.129575515938693     
         452 -0.134596177049570     
         453 -0.139616838160455     
         454 -0.144637499271340     
         455 -0.149658160382222     
         456 -0.154678821493108     
         457 -0.159699482603986     
         458 -0.164720143714869     
         459 -0.169740804825761     
         460 -0.174761465936636     
         461 -0.179782127047523     
         462 -0.184802788158405     
         463 -0.189823449269295     
         464 -0.194844110380171     
         465 -0.199864771491041     
         466 -0.204885432601921     
         467 -0.209906093712795     
         468 -0.214926754823697     
         469 -0.219947415934587     
         470 -0.224968077045473     
         471 -0.229988738156363     
         472 -0.235009399267246     
         473 -0.240030060378130     
         474 -0.245050721489027     
         475 -0.250071382599911     
         476 -0.255092043710786     
         477 -0.260112704821654     
         478 -0.265133365932549     
         479 -0.270154027043430     
         480 -0.275174688154320     
         481 -0.280195349265198     
         482 -0.285216010376084     
         483 -0.290236671486944     
         484 -0.295257332597815     
         485 -0.300277993708709     
         486 -0.305298654819601     
         487 -0.310319315930488     
         488 -0.315339977041349     
         489 -0.320360638152229     
         490 -0.325381299263121     
         491 -0.330401960374005     
         492 -0.335422621484898     
         493 -0.340443282595782     
         494 -0.345463943706662     
         495 -0.350484604817530     
         496 -0.355505265928398     
         497 -0.360525927039272     
         498 -0.365546588150162     
         499 -0.370567249261042     
         500 -0.375587910371923     
         501 -0.380608571482820     
         502 -0.385629232593717     
         503 -0.390649893704608     
         504 -0.395670554815479     
         505 -0.400691215926352     
         506 -0.405711877037233     
         507 -0.410732538148117     
         508 -0.415753199258991     
         509 -0.420773860369887     
         510 -0.425794521480777     
         511 -0.430815182591663     
         512 -0.435835843702558     
         513 -0.440856504813441     
         514 -0.445877165924336     
         515 -0.450897827035211     
         516 -0.455918488146106     
         517 -0.460939149256975     
         518 -0.465959810367843     
         519 -0.470980471478718     
         520 -0.476001132589614     
         521 -0.481021793700510     
         522 -0.486042454811391     
         523 -0.491063115922273     
         524 -0.496083777033160     
         525 -0.501104438144050     
         526 -0.506125099254924     
         527 -0.511145760365832     
         528 -0.516166421476706     
         529 -0.521187082587576     
         530 -0.526207743698476     
         531 -0.531228404809368     
         532 -0.536249065920266     
         533 -0.541269727031135     
         534 -0.546290388141985     
         535 -0.551311049252857     
         536 -0.556331710363734     
         537 -0.561352371474635     
         538 -0.566373032585500     
         539 -0.571393693696363     
         540 -0.576414354807248     
         541 -0.581435015918140     
         542 -0.586455677029056     
         543 -0.591476338139934     
         544 -0.596496999250817     
         545 -0.601517660361703     
         546 -0.606538321472587     
         547 -0.611558982583473     
         548 -0.616579643694342     
         549 -0.621600304805242     
         550 -0.626620965916112     
         551 -0.631641627026978     
         552 -0.636662288137884     
         553 -0.641682949248763     
         554 -0.646703610359645     
         555 -0.651724271470542     
         556 -0.656744932581378     
         557 -0.661765593692247     
         558 -0.666786254803135     
         559 -0.671806915914030     
         560 -0.676827577024914     
         561 -0.681848238135806     
         562 -0.686868899246692     
         563 -0.691889560357557     
         564 -0.696910221468431     
         565 -0.701930882579321     
         566 -0.706951543690194     
         567 -0.711972204801053     
         568 -0.716992865911914     
         569 -0.722013527022848     
         570 -0.727034188133707     
         571 -0.732054849244535     
         572 -0.737075510355420     
         573 -0.742096171466326     
         574 -0.747116832577225     
         575 -0.752137493688096     
         576 -0.757158154798977     
         577 -0.762178815909818     
         578 -0.767199477020654     
         579 -0.772220138131508     
         580 -0.777240799242450     
         581 -0.782261460353392     
         582 -0.787282121464243     
         583 -0.792302782575072     
         584 -0.797323443685962     
         585 -0.802344104796874     
         586 -0.807364765907806     
         587 -0.812385427018652     
         588 -0.817406088129473     
         589 -0.822426749240290     
         590 -0.827447410351187     
         591 -0.832468071462072     
         592 -0.837488732572921     
         593 -0.842509393683737     
         594 -0.847530054794640     
         595 -0.852550715905570     
         596 -0.857571377016485     
         597 -0.862592038127356     
         598 -0.867612699238297     
         599 -0.872633360349135     
         600 -0.877654021460031     
         601 -0.882674682570979     
         602 -0.887695343681903     
         603 -0.892716004792772     
         604 -0.897736665903615     
         605 -0.902757327014508     
         606 -0.907777988125348     
         607 -0.912798649236247     
         608 -0.917819310347111     
         609 -0.922839971458056     
         610 -0.927860632568920     
         611 -0.932881293679739     
         612 -0.937901954790614     
         613 -0.942922615901575     
         614 -0.947943277012525     
         615 -0.952963938123371     
         616 -0.957984599234222     
         617 -0.963005260345034     
         618 -0.968025921455958     
         619 -0.973046582566856     
         620 -0.978067243677719     
         621 -0.983087904788559     
         622 -0.988108565899460     
         623 -0.993129227010311     
         624 -0.998149888121144     
         625  -1.00317054923207     
         626  -1.00819121034286     
         627  -1.01321187145379     
         628  -1.01823253256469     
         629  -1.02325319367562     
         630  -1.02827385478654     
         631  -1.03329451589747     
         632  -1.03831517700830     
         633  -1.04333583811917     
         634  -1.04835649923015     
         635  -1.05337716034096     
         636  -1.05839782145188     
         637  -1.06341848256284     
         638  -1.06843914367378     
         639  -1.07345980478463     
         640  -1.07848046589548     
         641  -1.08350112700639     
         642  -1.08852178811721     
         643  -1.09354244922804     
         644  -1.09856311033892     
         645  -1.10358377144975     
         646  -1.10860443256060     
         647  -1.11362509367141     
         648  -1.11864575478218     
         649  -1.12366641589299     
         650  -1.12868707700393     
         651  -1.13370773811487     
         652  -1.13872839922568     
         653  -1.14374906033666     
         654  -1.14876972144757     
         655  -1.15379038255853     
         656  -1.15881104366937     
         657  -1.16383170478020     
         658  -1.16885236589101     
         659  -1.17387302700192     
         660  -1.17889368811293     
         661  -1.18391434922379     
         662  -1.18893501033474     
         663  -1.19395567144557     
         664  -1.19897633255648     
         665  -1.20399699366730     
         666  -1.20901765477816     
         667  -1.21403831588904     
         668  -1.21905897699989     
         669  -1.22407963811076     
         670  -1.22910029922168     
         671  -1.23412096033252     
         672  -1.23914162144338     
         673  -1.24416228255437     
         674  -1.24918294366518     
         675  -1.25420360477601     
         676  -1.25922426588695     
         677  -1.26424492699776     
         678  -1.26926558810869     
         679  -1.27428624921962     
         680  -1.27930691033043     
         681  -1.28432757144134     
         682  -1.28934823255224     
         683  -1.29436889366334     
         684  -1.29938955477425     
         685  -1.30441021588514     
         686  -1.30943087699597     
         687  -1.31445153810670     
         688  -1.31947219921765     
         689  -1.32449286032874     
         690  -1.32951352143955     
         691  -1.33453418255021     
         692  -1.33955484366108     
         693  -1.34457550477204     
         694  -1.34959616588276     
         695  -1.35461682699356     
         696  -1.35963748810456     
         697  -1.36465814921538     
         698  -1.36967881032631     
         699  -1.37469947143725     
         700  -1.37972013254833     
         701  -1.38474079365929     
         702  -1.38976145477036     
         703  -1.39478211588109     
         704  -1.39980277699196     
         705  -1.40482343810290     
         706  -1.40984409921354     
         707  -1.41486476032433     
         708  -1.41988542143508     
         709  -1.42490608254605     
         710  -1.42992674365699     
         711  -1.43494740476790     
         712  -1.43996806587871     
         713  -1.44498872698942     
         714  -1.45000938810017     
         715  -1.45503004921089     
         716  -1.46005071032181     
         717  -1.46507137143270     
         718  -1.47009203254332     
         719  -1.47511269365425     
         720  -1.48013335476492     
         721  -1.48515401587597     
         722  -1.49017467698665     
         723  -1.49519533809767     
         724  -1.50021599920875     
         725  -1.50523666031960     
         726  -1.51025732143022     
         727  -1.51527798254125     
         728  -1.52029864365222     
         729  -1.52531930476307     
         730  -1.53033996587389     
         731  -1.53536062698473     
         732  -1.54038128809564     
         733  -1.54540194920673     
         734  -1.55042261031774     
         735  -1.55544327142848     
         736  -1.56046393253931     
         737  -1.56548459364986     
         738  -1.57050525476077     
         739  -1.57552591587155     
         740  -1.58054657698237     
         741  -1.58556723809333     
         742  -1.59058789920399     
         743  -1.59560856031523     
         744  -1.60062922142621     
         745  -1.60564988253734     
         746  -1.61067054364815     
         747  -1.61569120475932     
         748  -1.62071186587037     
         749  -1.62573252698074     
         750  -1.63075318809185     
         751  -1.63577384920240     
         752  -1.64079451031338     
         753  -1.64581517142446     
         754  -1.65083583253518     
         755  -1.65585649364619     
         756  -1.66087715475695     
         757  -1.66589781586739     
         758  -1.67091847697868     
         759  -1.67593913808979     
         760  -1.68095979920032     
         761  -1.68598046031098     
         762  -1.69100112142193     
         763  -1.69602178253307     
         764  -1.70104244364386     
         765  -1.70606310475463     
         766  -1.71108376586563     
         767  -1.71610442697665     
         768  -1.72112508808724     
         769  -1.72614574919804     
         770  -1.73116641030888     
         771  -1.73618707141959     
         772  -1.74120773253064     
         773  -1.74622839364115     
         774  -1.75124905475199     
         775  -1.75626971586245     
         776  -1.76129037697299     
         777  -1.76631103808386     
         778  -1.77133169919519     
         779  -1.77635236030575     
         780  -1.78137302141659     
         781  -1.78639368252760     
         782  -1.79141434363820     
         783  -1.79643500474947     
         784  -1.80145566586054     
         785  -1.80647632697191     
         786  -1.81149698808265     
         787  -1.81651764919366     
         788  -1.82153831030453     
         789  -1.82655897141535     
         790  -1.83157963252635     
         791  -1.83660029363695     
         792  -1.84162095474831     
         793  -1.84664161585887     
         794  -1.85166227696980     
         795  -1.85668293808078     
         796  -1.86170359919198     
         797  -1.86672426030286     
         798  -1.87174492141402     
         799  -1.87676558252504     
         800  -1.88178624363571     
         801  -1.88680690474654     
         802  -1.89182756585729     
         803  -1.89684822696760     
         804  -1.90186888807776     
         805  -1.90688954918867     
         806  -1.91191021029982     
         807  -1.91693087141026     
         808  -1.92195153252192     
         809  -1.92697219363289     
         810  -1.93199285474390     
         811  -1.93701351585517     
         812  -1.94203417696581     
         813  -1.94705483807680     
         814  -1.95207549918743     
         815  -1.95709616029758     
         816  -1.96211682140872     
         817  -1.96713748251964     
         818  -1.97215814363124     
         819  -1.97717880474277     
         820  -1.98219946585288     
         821  -1.98722012696281     
         822  -1.99224078807330     
         823  -1.99726144918431     
         824  -2.00228211029578     
         825  -2.00730277140734     
         826  -2.01232343251870     
         827  -2.01734409362910     
         828  -2.02236475473977     
         829  -2.02738541585077     
         830  -2.03240607696063     
         831  -2.03742673807212     
         832  -2.04244739918215     
         833  -2.04746806029312     
         834  -2.05248872140452     
         835  -2.05750938251539     
         836  -2.06253004362548     
         837  -2.06755070473537     
         838  -2.07257136584738     
         839  -2.07759202695898     
         840  -2.08261268807037     
         841  -2.08763334918266     
         842  -2.09265401029368     
         843  -2.09767467140374     
         844  -2.10269533251441     
         845  -2.10771599362648     
         846  -2.11273665473860     
         847  -2.11775731584993     
         848  -2.12277797696035     
         849  -2.12779863807023     
         850  -2.13281929918144     
         851  -2.13783996029139     
         852  -2.14286062140121     
         853  -2.14788128251146     
         854  -2.15290194362122     
         855  -2.15792260473366     
         856  -2.16294326584535     
         857  -2.16796392695694     
         858  -2.17298458806727     
         859  -2.17800524917842     
         860  -2.18302591029078     
         861  -2.18804657140023     
         862  -2.19306723250992     
         863  -2.19808789362193     
         864  -2.20310855473116     
         865  -2.20812921584314     
         866  -2.21314987695360     
         867  -2.21817053806447     
         868  -2.22319119917635     
         869  -2.22821186028780     
         870  -2.23323252139712     
         871  -2.23825318250763     
         872  -2.24327384361891     
         873  -2.24829450472870     
         874  -2.25331516583998     
         875  -2.25833582695058     
         876  -2.26335648806253     
         877  -2.26837714917512     
         878  -2.27339781028417     
         879  -2.27841847139423     
         880  -2.28343913250511     
         881  -2.28845979361566     
         882  -2.29348045472904     
         883  -2.29850111584133     
         884  -2.30352177695086     
         885  -2.30854243806381     
         886  -2.31356309917540     
         887  -2.31858376028764     
         888  -2.32360442139842     
         889  -2.32862508251065     
         890  -2.33364574362187     
         891  -2.33866640473059     
         892  -2.34368706584249     
         893  -2.34870772695490     
         894  -2.35372838806447     
         895  -2.35874904917730     
         896  -2.36376971028558     
         897  -2.36879037139464     
         898  -2.37381103250428     
         899  -2.37883169361470     
         900  -2.38385235472513     
         901  -2.38887301583453     
         902  -2.39389367694390     
         903  -2.39891433805247     
         904  -2.40393499916266     
         905  -2.40895566027391     
         906  -2.41397632138684     
         907  -2.41899698249978     
         908  -2.42401764361134     
         909  -2.42903830472211     
         910  -2.43405896583545     
         911  -2.43907962694774     
         912  -2.44410028805701     
         913  -2.44912094916787     
         914  -2.45414161027782     
         915  -2.45916227138557     
         916  -2.46418293249446     
         917  -2.46920359360580     
         918  -2.47422425471868     
         919  -2.47924491583039     
         920  -2.48426557694401     
         921  -2.48928623805390     
         922  -2.49430689916635     
