#CYCLE AVERAGE PRIMITIVE QUANTITIES
     1 -0.969217E+00 -0.893911E+10  0.168544E+03 -0.241646E+06  0.000000E+00
     2 -0.901032E+01 -0.152242E+11  0.164856E+03 -0.197695E+06  0.000000E+00
     3 -0.231399E+02 -0.137019E+11  0.163430E+03 -0.117085E+06  0.000000E+00
     4 -0.398320E+02  0.308707E+11  0.161899E+03  0.196675E+06  0.000000E+00
     5 -0.546554E+02  0.151146E+11  0.160762E+03  0.767556E+05  0.000000E+00
     6 -0.674069E+02  0.356500E+11  0.159474E+03  0.151730E+06  0.000000E+00
     7 -0.836484E+02  0.473009E+11  0.157580E+03  0.172045E+06  0.000000E+00
     8 -0.104524E+03  0.129629E+11  0.155663E+03  0.411944E+05  0.000000E+00
     9 -0.126694E+03  0.858420E+10  0.153946E+03  0.242246E+05  0.000000E+00
    10 -0.147683E+03  0.757074E+10  0.152355E+03  0.192119E+05  0.000000E+00
