@variables: it residual
           1   5.28313633085599     
           2   5.20227136097039     
           3   5.15174442422341     
           4   5.11966323203882     
           5   5.09294068121411     
           6   5.07114429089132     
           7   5.04719970497870     
           8   5.02670727858228     
           9   5.00782646372062     
          10   4.99272231772734     
          11   4.97899250682960     
           1   4.96402986298018     
           2   4.95148066490061     
           3   4.94240684632374     
           4   4.93463718791409     
           5   4.92814928445007     
           6   4.92333564625403     
           7   4.91680061145079     
           8   4.91032940795142     
           9   4.90725565948918     
          10   4.90435151558792     
          11   4.90135364625355     
          12   4.90087787387684     
          13   4.90282799931231     
          14   4.90319943864618     
          15   4.90866597595735     
          16   4.91278524651769     
          17   4.91696881476613     
          18   4.92246005422770     
          19   4.92945991643848     
          20   4.93600557594492     
          21   4.94310069817488     
          22   4.95049583713996     
          23   4.95788850304079     
          24   4.96199861045896     
          25   4.96979783263930     
          26   4.97560552750628     
          27   4.98043705240103     
          28   4.98314987700872     
          29   4.98977928872112     
          30   4.99440304718317     
          31   4.99723909091210     
          32   4.99982831663912     
          33   5.00407017243466     
          34   5.00782855358900     
          35   5.00972163867551     
          36   5.01428358514922     
          37   5.01745696179505     
          38   5.01970092428202     
          39   5.02142353585232     
          40   5.02573238245918     
          41   5.02925463775144     
          42   5.03120023156104     
          43   5.03411225069505     
          44   5.03584827275878     
          45   5.03742458431601     
          46   5.03928062424722     
          47   5.04200285335727     
          48   5.04511766282148     
          49   5.04728104616979     
          50   5.05000819093800     
          51   5.05144942158517     
          52   5.05273336699964     
          53   5.05471900099718     
          54   5.05461587861582     
          55   5.05416012888579     
          56   5.05168139845710     
          57   5.04719205203266     
          58   5.04199855841998     
          59   5.03457116174056     
          60   5.02824100708544     
          61   5.02026182627364     
          62   5.01231900304559     
          63   5.00679408669708     
          64   5.00571609364797     
          65   5.01145042618833     
          66   5.02026568129207     
          67   5.02817363998120     
          68   5.03533036608477     
          69   5.04066927815428     
          70   5.04339739057436     
          71   5.04474226130095     
          72   5.04331519592392     
          73   5.03913923543557     
          74   5.03331125003082     
          75   5.02543821699410     
          76   5.01569689545363     
          77   5.00354342141059     
          78   4.98987703897355     
          79   4.97539517089477     
          80   4.95952541830327     
          81   4.94328517304122     
          82   4.93056299577247     
          83   4.93210200198700     
          84   4.94511775974462     
          85   4.96031091144548     
          86   4.97524978567472     
          87   4.98784308461969     
          88   4.99765986439827     
          89   5.00514306545986     
          90   5.01020206650946     
          91   5.01307621034035     
          92   5.01393442072736     
          93   5.01292072286562     
          94   5.01017487043819     
          95   5.00595093014257     
          96   5.00042194198349     
          97   4.99378062015775     
          98   4.98620001614063     
          99   4.97773889199798     
         100   4.96844927548891     
         101   4.95838645080785     
         102   4.94771163454481     
         103   4.93661144905981     
         104   4.92492152830635     
         105   4.91273920735397     
         106   4.90012795584108     
         107   4.88719326905031     
         108   4.87455826271193     
         109   4.86279694778526     
         110   4.85169608845050     
         111   4.84068508776049     
         112   4.82927874217829     
         113   4.81855198177103     
         114   4.80822249713428     
         115   4.79860235416343     
         116   4.78987099308492     
         117   4.78211628759148     
         118   4.77482633743333     
         119   4.76933972456484     
         120   4.76451246963405     
         121   4.75996176917922     
         122   4.75609045923919     
         123   4.75253343077852     
           1   4.74926454847645     
           2   4.74692479784754     
           3   4.74482225874687     
           4   4.74283026248767     
           5   4.74074966016664     
           6   4.73891171178270     
           7   4.73707085974797     
           8   4.73477359800173     
           9   4.73253351360052     
          10   4.73034560954610     
          11   4.72793190997378     
          12   4.72525114075011     
          13   4.72242711696497     
          14   4.71926257032152     
          15   4.71549146527427     
          16   4.71160095359765     
          17   4.70758732100030     
          18   4.70310068748858     
          19   4.69818832021672     
          20   4.69329169880304     
          21   4.68786997633103     
          22   4.68191522100014     
          23   4.67608341112221     
          24   4.67013718374766     
          25   4.66417395266524     
          26   4.65845284343024     
          27   4.65295082457276     
          28   4.64816362727388     
          29   4.64408333848032     
          30   4.63929353054211     
          31   4.63401483367759     
          32   4.62844480671113     
          33   4.62290529383920     
          34   4.61766303679692     
          35   4.61287315657772     
          36   4.60820108113505     
          37   4.60390605175774     
          38   4.59986474495345     
          39   4.59677526322007     
          40   4.59524937815644     
          41   4.59471465806960     
          42   4.59514098372584     
          43   4.59727265128192     
          44   4.60106723584547     
          45   4.60590743263374     
          46   4.61168018784549     
          47   4.61821958473083     
          48   4.62560086419490     
          49   4.63359695340402     
          50   4.64169074066190     
          51   4.64943779848127     
          52   4.65699347361760     
          53   4.66371288646315     
          54   4.67019363348893     
          55   4.67650758657557     
          56   4.68239056439882     
          57   4.68819903100090     
          58   4.69355452999500     
          59   4.69826452603891     
          60   4.70245647205478     
          61   4.70611028981821     
          62   4.70945911990978     
          63   4.71211118015749     
          64   4.71453533807015     
          65   4.71579096219819     
          66   4.71640837241139     
          67   4.71641618873509     
          68   4.71559589251518     
          69   4.71401082710412     
          70   4.71209114503263     
          71   4.70962946286853     
          72   4.70661331206597     
          73   4.70322817806475     
          74   4.69975075800405     
          75   4.69581570975348     
          76   4.69165511317041     
          77   4.68712234661117     
          78   4.68231899412308     
          79   4.67734684269222     
          80   4.67235948596327     
          81   4.66689293098822     
          82   4.66149743759355     
          83   4.65626527672258     
          84   4.65085689143129     
          85   4.64528207990941     
          86   4.64022210479072     
          87   4.63512609281773     
          88   4.62901855245032     
          89   4.62214997794501     
          90   4.61523606270162     
          91   4.60817711681820     
          92   4.60083867058781     
          93   4.59338793724637     
          94   4.58658456190067     
          95   4.57979489826226     
          96   4.57265257625894     
          97   4.56659052062260     
          98   4.56123495615158     
          99   4.55594043619431     
         100   4.55079575726289     
         101   4.54594542752601     
         102   4.54080552530073     
         103   4.53555528865146     
         104   4.52921664743639     
         105   4.52204525430555     
         106   4.51553335354247     
         107   4.50871055610800     
         108   4.50174958084025     
         109   4.49441945253902     
         110   4.48743438549347     
         111   4.48013684730512     
         112   4.47216976071006     
         113   4.46336958638569     
         114   4.45493141424789     
         115   4.44688749016540     
           1   4.43807955241117     
           2   4.42950709561494     
           3   4.42143868266772     
           4   4.41467667491855     
           5   4.40898357687447     
           6   4.40514691748127     
           7   4.40181161463069     
           8   4.39877228988323     
           9   4.39566346530740     
          10   4.39311041583377     
          11   4.39169455834078     
          12   4.39010969269285     
          13   4.38876411850167     
          14   4.38797265391534     
          15   4.38711979087841     
          16   4.38606478459509     
          17   4.38489056363843     
          18   4.38367657625957     
          19   4.38295067906494     
          20   4.38112768731398     
          21   4.37831255648106     
          22   4.37531835333056     
          23   4.37175370001139     
          24   4.36764103273869     
          25   4.36259917758687     
          26   4.35690780502555     
          27   4.35078422617196     
          28   4.34524011358753     
          29   4.33983047817981     
          30   4.33432211817061     
          31   4.32933248554407     
          32   4.32520000710855     
          33   4.32111600010636     
          34   4.31751956621542     
          35   4.31503286059294     
          36   4.31368027415135     
          37   4.31213853234237     
          38   4.31039746820224     
          39   4.30929412971415     
          40   4.30866531122225     
          41   4.30752898294311     
          42   4.30638151030822     
          43   4.30624342327849     
          44   4.30575782878436     
          45   4.30516528836400     
          46   4.30460351728335     
          47   4.30368148244923     
          48   4.30210152096212     
          49   4.29970969743593     
          50   4.29824030349375     
          51   4.29723101595643     
          52   4.29645069247430     
          53   4.29626567473554     
          54   4.29589069031062     
          55   4.29520736521049     
          56   4.29425906364758     
          57   4.29309913987459     
          58   4.29132091844303     
          59   4.28911877549581     
          60   4.28666536791262     
          61   4.28438023111801     
          62   4.28136804600572     
          63   4.27792992417973     
          64   4.27368210742017     
          65   4.26912156594994     
          66   4.26480836435872     
          67   4.25996405280272     
          68   4.25438300968504     
          69   4.24806267831529     
          70   4.24132406240919     
          71   4.23541969632914     
          72   4.22919192611701     
          73   4.22257200075421     
          74   4.21610771853104     
          75   4.21017131088109     
          76   4.20407561380595     
          77   4.19854923103915     
          78   4.19285002032629     
          79   4.18711226400030     
          80   4.18210932562514     
          81   4.17759209761902     
          82   4.17342871281311     
          83   4.17024972351735     
          84   4.16782714225262     
          85   4.16602116725159     
          86   4.16513382356951     
          87   4.16484239655913     
          88   4.16499455778494     
          89   4.16623722586388     
          90   4.16813183938177     
          91   4.17015656741238     
          92   4.17375439491988     
          93   4.17884732270202     
          94   4.18403691652225     
          95   4.18979232540119     
          96   4.19497117686969     
          97   4.20010528447394     
          98   4.20550090338257     
          99   4.21137143247366     
         100   4.21641722243923     
         101   4.22079731387493     
         102   4.22463407656631     
         103   4.22768424585400     
         104   4.22982435829491     
         105   4.23049340247323     
         106   4.23045695219057     
         107   4.22987393896576     
         108   4.22866820987504     
         109   4.22625417063659     
         110   4.22259279009983     
         111   4.21775397640353     
         112   4.21157754102139     
         113   4.20398817588910     
         114   4.19478555054363     
         115   4.18460554013985     
         116   4.17388752621845     
         117   4.16241575450840     
         118   4.14966118976195     
         119   4.13639598797503     
           1   4.12264847933094     
           2   4.10858984669909     
           3   4.09452469114193     
           4   4.08233921240450     
           5   4.07129008788522     
           6   4.06151286270343     
           7   4.05417473055937     
           8   4.04848830772075     
           9   4.04459687940311     
          10   4.04283573372085     
          11   4.04184721318661     
          12   4.04176102087818     
          13   4.04226218696015     
          14   4.04424292966066     
          15   4.04695474675199     
          16   4.05009358958333     
          17   4.05360518810955     
          18   4.05694566083201     
          19   4.06059294718197     
          20   4.06440585956053     
          21   4.06770762655412     
          22   4.07054394651536     
          23   4.07327557361803     
          24   4.07567277448672     
          25   4.07716235383118     
          26   4.07818427819151     
          27   4.07945458670363     
          28   4.08043319493062     
          29   4.08092023489620     
          30   4.08184705175401     
          31   4.08309908012607     
          32   4.08357872291068     
          33   4.08348113389560     
          34   4.08299927446275     
          35   4.08298958832364     
          36   4.08276531572427     
          37   4.08231998981866     
          38   4.08160494759122     
          39   4.08125493563270     
          40   4.08127355602180     
          41   4.08133436478187     
          42   4.08106797329929     
          43   4.08055613005147     
          44   4.07947430941785     
          45   4.07845753496855     
          46   4.07809492776459     
          47   4.07779137529903     
          48   4.07766678473896     
          49   4.07776880995342     
          50   4.07746185946314     
          51   4.07719516427788     
          52   4.07727230222323     
          53   4.07738616903624     
          54   4.07726816351178     
          55   4.07670822491824     
          56   4.07582780539306     
          57   4.07515449214315     
          58   4.07421779839537     
          59   4.07267829039334     
          60   4.07098327027977     
          61   4.06893803628462     
          62   4.06670167943788     
          63   4.06345430903666     
          64   4.05968892663384     
          65   4.05564422948245     
          66   4.05224048174695     
          67   4.04816239111846     
          68   4.04420245740610     
          69   4.04106703726865     
          70   4.03814052817269     
          71   4.03438751156761     
          72   4.03086261290577     
          73   4.02811495419492     
          74   4.02504356430407     
          75   4.02316521844611     
          76   4.02183545546797     
          77   4.02121048126211     
          78   4.02232222597776     
          79   4.02384930363406     
          80   4.02517719297329     
          81   4.02771101618939     
          82   4.03076331196617     
          83   4.03478493597125     
          84   4.03923224096699     
          85   4.04401699999531     
          86   4.04894256836480     
          87   4.05425660574433     
          88   4.05908427670273     
          89   4.06395548873398     
          90   4.06889330724020     
          91   4.07365527773971     
          92   4.07803408940609     
          93   4.08246761823607     
          94   4.08641007776824     
          95   4.08925300887440     
          96   4.09164848137185     
          97   4.09394742846698     
          98   4.09529694032616     
          99   4.09580028094572     
         100   4.09589311001151     
         101   4.09531473459906     
         102   4.09397217497744     
         103   4.09158486489356     
         104   4.08899505233972     
         105   4.08576750712638     
         106   4.08185174021302     
         107   4.07725406409748     
         108   4.07152607151134     
         109   4.06569571706830     
         110   4.05931184204210     
         111   4.05198653866923     
         112   4.04442599582726     
         113   4.03701386321423     
         114   4.02952630043032     
         115   4.02205369049346     
         116   4.01550909093098     
         117   4.00976311909913     
         118   4.00514020607811     
         119   4.00162795242310     
         120   4.00037022573852     
         121   3.99944464865143     
         122   3.99989871772114     
         123   4.00135957918102     
         124   4.00332439119291     
         125   4.00628454012165     
         126   4.00929657872538     
         127   4.01285585696717     
         128   4.01675272804808     
         129   4.02077373230613     
         130   4.02439329643869     
         131   4.02807375553700     
         132   4.03166848914687     
         133   4.03518360640609     
         134   4.03821880567151     
         135   4.04078457336426     
         136   4.04370801348636     
         137   4.04592998643427     
         138   4.04726469957654     
         139   4.04798305033152     
         140   4.04794575895460     
         141   4.04752220935975     
         142   4.04636006651590     
         143   4.04454847026793     
         144   4.04225759555904     
         145   4.04001803141472     
         146   4.03725881748477     
         147   4.03408461480822     
         148   4.03030417707920     
         149   4.02608331655926     
         150   4.02131676744074     
         151   4.01609241485033     
         152   4.01100331121774     
         153   4.00554568933884     
         154   4.00118924637994     
         155   3.99703264507450     
         156   3.99309536580411     
         157   3.98965646146472     
         158   3.98710042147945     
         159   3.98547526822630     
         160   3.98440509837455     
         161   3.98409478368725     
         162   3.98443810461801     
         163   3.98578873930512     
         164   3.98802268614983     
         165   3.99075087176890     
         166   3.99392625911225     
         167   3.99750276441340     
         168   4.00173745224642     
         169   4.00623021841508     
         170   4.01098956550405     
         171   4.01607022180294     
         172   4.02161534176055     
         173   4.02665069167475     
         174   4.03136628421304     
         175   4.03532702348328     
         176   4.03884835273410     
         177   4.04220232724960     
         178   4.04548908158253     
         179   4.04830832968114     
         180   4.05021522056042     
         181   4.05121514909926     
         182   4.05151784043240     
         183   4.05132693851941     
         184   4.05095324844451     
         185   4.04998281704881     
         186   4.04803879942096     
         187   4.04521376448992     
         188   4.04159348593822     
         189   4.03736154556816     
         190   4.03286378045304     
         191   4.02766663922060     
         192   4.02141047434610     
         193   4.01430374207363     
         194   4.00663462145649     
         195   3.99841223641864     
         196   3.98945050287813     
         197   3.97994542237831     
         198   3.97015362779779     
         199   3.95986309188449     
         200   3.94902597611564     
         201   3.93762285711236     
         202   3.92551974476646     
         203   3.91341053086246     
         204   3.90151747995559     
         205   3.89125498865564     
         206   3.88285072803780     
         207   3.87587891735170     
         208   3.87105237129563     
         209   3.86872894803729     
         210   3.86782072653373     
         211   3.86931340881229     
         212   3.87324205142713     
         213   3.87772540791105     
         214   3.88262287505143     
         215   3.88823099927830     
         216   3.89511986401825     
         217   3.90212383751185     
         218   3.90879134868360     
         219   3.91567019613219     
         220   3.92295370211477     
         221   3.93034486658933     
         222   3.93713874197161     
         223   3.94381596019267     
         224   3.95039663173064     
         225   3.95679959811085     
         226   3.96214232580948     
         227   3.96652011972371     
         228   3.97023110495994     
         229   3.97342542111156     
         230   3.97587079600840     
         231   3.97762035655962     
         232   3.97843458368500     
         233   3.97858281082879     
         234   3.97783268819076     
         235   3.97614285100973     
         236   3.97452748760463     
         237   3.97229724915468     
         238   3.96965586518189     
         239   3.96594719970364     
         240   3.96137940766927     
         241   3.95684140215374     
         242   3.95159591994696     
         243   3.94536950472203     
         244   3.93859648109502     
         245   3.93104791982923     
         246   3.92332526986605     
         247   3.91470804478829     
         248   3.90579198652601     
         249   3.89671912614746     
         250   3.88791870794304     
         251   3.87893124567806     
         252   3.86957284426702     
         253   3.86043619753448     
         254   3.85342760847567     
         255   3.84678990607338     
         256   3.84097284031121     
         257   3.83489527977032     
         258   3.82976487523713     
         259   3.82481574856603     
         260   3.82107816472021     
           1   3.81838814437185     
           2   3.81876454950396     
           3   3.82075653260940     
           4   3.82470022427656     
           5   3.82940575639920     
           6   3.83491212692211     
           7   3.84093959737687     
           8   3.84785939077949     
           9   3.85445055188165     
          10   3.86054064717220     
          11   3.86709696341996     
          12   3.87373104518149     
          13   3.87963234891812     
          14   3.88538326783038     
          15   3.89076536095449     
          16   3.89504800467611     
          17   3.89876724419260     
          18   3.90206124897644     
          19   3.90487438902173     
          20   3.90722006771981     
          21   3.90917075667202     
          22   3.91076629859837     
          23   3.91160119791337     
          24   3.91158786131522     
          25   3.91120189747062     
          26   3.91037213844039     
          27   3.90913923885508     
          28   3.90772794297845     
          29   3.90615371075106     
          30   3.90425379213144     
          31   3.90204271710024     
          32   3.89964422520563     
          33   3.89694230242209     
          34   3.89416945491975     
          35   3.89108465918216     
          36   3.88783466834807     
          37   3.88481009463309     
          38   3.88175097647349     
          39   3.87940123537815     
          40   3.87746219521479     
          41   3.87600060515820     
          42   3.87479544093146     
          43   3.87446025222814     
          44   3.87382863855303     
          45   3.87336490161283     
          46   3.87275528416844     
          47   3.87258162907619     
          48   3.87257457827368     
          49   3.87330050719554     
          50   3.87419239404220     
          51   3.87465901239201     
          52   3.87474631483071     
          53   3.87486445705708     
          54   3.87533733962691     
          55   3.87601383753202     
          56   3.87717492925688     
          57   3.87837390118283     
          58   3.87945436329410     
          59   3.88032306165252     
          60   3.88162138241454     
          61   3.88397797083865     
          62   3.88618831610752     
          63   3.88818668790612     
          64   3.89049690642171     
          65   3.89296076457158     
          66   3.89486556425377     
          67   3.89679523555546     
          68   3.89889999397442     
          69   3.90120223303439     
          70   3.90337229865429     
          71   3.90505857937380     
          72   3.90657179827402     
          73   3.90769257850077     
          74   3.90860051104867     
          75   3.90968677024122     
          76   3.91051305760259     
          77   3.91088923445704     
          78   3.91138683716058     
          79   3.91158236017307     
          80   3.91156539793202     
          81   3.91117922380970     
          82   3.91036384316669     
          83   3.90922748345825     
          84   3.90811003186139     
          85   3.90719620978107     
          86   3.90638001543438     
          87   3.90502437087417     
          88   3.90332902946508     
          89   3.90165053912468     
          90   3.89984937320890     
          91   3.89791536404577     
          92   3.89624005661727     
          93   3.89444051908159     
          94   3.89246596952896     
          95   3.89041474915803     
          96   3.88847833548974     
          97   3.88648570170894     
          98   3.88466759854455     
          99   3.88282835739787     
         100   3.88120786957491     
         101   3.87932554934478     
         102   3.87749164301995     
         103   3.87555906960386     
         104   3.87377316012973     
         105   3.87266992463277     
         106   3.87188800657844     
         107   3.87076598580859     
         108   3.86953393175576     
         109   3.86845092754983     
         110   3.86728395058111     
         111   3.86602037695705     
         112   3.86436196075563     
         113   3.86279275071937     
         114   3.86081840622790     
         115   3.85838504501583     
         116   3.85598796557090     
         117   3.85362506558875     
         118   3.85074427348196     
         119   3.84790316169293     
         120   3.84467281488258     
         121   3.84137841312578     
         122   3.83744692553008     
         123   3.83294193652907     
         124   3.82888063585376     
         125   3.82471204082735     
         126   3.82043742215173     
         127   3.81614074781082     
         128   3.81181072044096     
         129   3.80839850186294     
         130   3.80494720645823     
         131   3.80162495847865     
         132   3.79855823295491     
         133   3.79618063154110     
         134   3.79491698498643     
         135   3.79412158447202     
         136   3.79466272990920     
         137   3.79547608701055     
         138   3.79767688760463     
         139   3.79994833424613     
         140   3.80315914193205     
         141   3.80687609586462     
         142   3.81059196473511     
         143   3.81442716765128     
         144   3.81865199128264     
         145   3.82280841227612     
         146   3.82691328809470     
         147   3.83114051990170     
         148   3.83550932524433     
         149   3.83940056404004     
         150   3.84300290160847     
         151   3.84665868041582     
         152   3.84978074701142     
         153   3.85258552829196     
         154   3.85481173045496     
         155   3.85630213755938     
         156   3.85737312051558     
         157   3.85800739547453     
         158   3.85819629887655     
         159   3.85775600953914     
         160   3.85659542205191     
         161   3.85495800216622     
         162   3.85288040527146     
         163   3.85012696506958     
         164   3.84693180726507     
         165   3.84331791059531     
         166   3.83909184501813     
         167   3.83415306581480     
         168   3.82863542615653     
         169   3.82272720067301     
         170   3.81631110055626     
         171   3.80940584933162     
         172   3.80197116692727     
         173   3.79436097721779     
         174   3.78666223350466     
         175   3.77889338699965     
         176   3.77093018241354     
         177   3.76304070218507     
         178   3.75567775565598     
         179   3.74878833822890     
         180   3.74196254605536     
         181   3.73522722000782     
         182   3.72966681174242     
         183   3.72465529350628     
         184   3.72080150172811     
         185   3.71838583926126     
         186   3.71710957928359     
         187   3.71740758541665     
         188   3.71880926686649     
         189   3.72136837588275     
         190   3.72478530367367     
         191   3.72912109613714     
         192   3.73427069570470     
         193   3.74068178305435     
         194   3.74798752934769     
         195   3.75638434829585     
         196   3.76513595213629     
         197   3.77405071628066     
         198   3.78235160488883     
         199   3.79050567715659     
         200   3.79874948020998     
         201   3.80686634849135     
         202   3.81442218474911     
         203   3.82120693406074     
         204   3.82757810991073     
         205   3.83358466908200     
         206   3.83896972841385     
         207   3.84353034314830     
         208   3.84719488358475     
         209   3.84983622877337     
         210   3.85145866665276     
         211   3.85238579560959     
         212   3.85308690132535     
         213   3.85292562866071     
         214   3.85193057280524     
         215   3.85019593429145     
         216   3.84795537791593     
         217   3.84484258582803     
         218   3.84074164413943     
         219   3.83626702805868     
         220   3.83160233520394     
         221   3.82643204724116     
         222   3.82083492511254     
         223   3.81543521886493     
         224   3.80961220339334     
         225   3.80313678093792     
         226   3.79598640952980     
         227   3.78881597253349     
         228   3.78167041080142     
         229   3.77527071912083     
         230   3.76835930898124     
         231   3.76140603709362     
         232   3.75532902351676     
         233   3.75017191800155     
         234   3.74531923510187     
         235   3.74052341402957     
         236   3.73540018140724     
         237   3.73032676980345     
         238   3.72530755039489     
         239   3.71985663574136     
         240   3.71408975730975     
         241   3.70806059409319     
         242   3.70243488941563     
         243   3.69812504517703     
         244   3.69624485000811     
         245   3.69751872107993     
         246   3.70163210718960     
         247   3.70691593960267     
         248   3.71306508102718     
         249   3.71979300475013     
         250   3.72709576597238     
         251   3.73465004650208     
         252   3.74214898857374     
         253   3.74939138874019     
         254   3.75657760409438     
         255   3.76380310404947     
         256   3.77043705097784     
         257   3.77651046469478     
         258   3.78193138143284     
         259   3.78649092479825     
         260   3.79028159750935     
         261   3.79340064267161     
         262   3.79620574704299     
         263   3.79802260866973     
         264   3.79902214736235     
         265   3.79902751613761     
         266   3.79836255290428     
         267   3.79674975200486     
         268   3.79444168039457     
         269   3.79150185965740     
         270   3.78753582263639     
         271   3.78248856866794     
         272   3.77644230185822     
         273   3.76975931411747     
         274   3.76240937355271     
         275   3.75453157113325     
         276   3.74635736457451     
         277   3.73769852364602     
         278   3.72898139875937     
         279   3.72023758205007     
         280   3.71210615399395     
         281   3.70467896471620     
         282   3.69708015014510     
         283   3.69046191100224     
         284   3.68542231101232     
         285   3.68056392009369     
         286   3.67638979235444     
         287   3.67372578227917     
         288   3.67172334280601     
         289   3.67098140427823     
         290   3.67082857461144     
         291   3.67167543866956     
         292   3.67300349321333     
         293   3.67631293836613     
         294   3.67983426593958     
         295   3.68355679895083     
         296   3.68743379740093     
         297   3.69169502165829     
         298   3.69669686790680     
         299   3.70156973435545     
         300   3.70671392305225     
         301   3.71209240844184     
         302   3.71739320206012     
         303   3.72258499513185     
         304   3.72775055063265     
         305   3.73305019435554     
         306   3.73880115635634     
         307   3.74446256836354     
         308   3.74973636477364     
         309   3.75484351234109     
         310   3.75956543485844     
         311   3.76437254290439     
         312   3.76902392266108     
         313   3.77344318472501     
         314   3.77765018417451     
         315   3.78123587622921     
         316   3.78413273831266     
         317   3.78707081272004     
         318   3.78972652655666     
         319   3.79204071225391     
         320   3.79416453004993     
         321   3.79600516607195     
         322   3.79734683431766     
         323   3.79825147571038     
         324   3.79860022598997     
         325   3.79853149735333     
         326   3.79816387545444     
         327   3.79746724958127     
         328   3.79614888319076     
         329   3.79443655777101     
         330   3.79228863227614     
         331   3.78955180710894     
         332   3.78621424669484     
         333   3.78255705238061     
         334   3.77885986315558     
         335   3.77439468640491     
         336   3.76954956730789     
         337   3.76463370258725     
         338   3.75949146783880     
         339   3.75380773194168     
         340   3.74810420477224     
         341   3.74216177884157     
         342   3.73632682799641     
         343   3.73063464357147     
         344   3.72490194766729     
         345   3.71889709777441     
         346   3.71279734062552     
         347   3.70692151488509     
         348   3.70102793186729     
         349   3.69537798973513     
         350   3.68981495916116     
         351   3.68436365358829     
         352   3.67969507013753     
         353   3.67498972451671     
         354   3.67107851227367     
         355   3.66794225262248     
         356   3.66523128859062     
         357   3.66285023273486     
         358   3.66148821631641     
         359   3.66041837778080     
         360   3.65990393313723     
         361   3.66006311709176     
         362   3.66027526007398     
         363   3.66113588285236     
         364   3.66238877525946     
         365   3.66413331562188     
         366   3.66617676206454     
         367   3.66811373740376     
         368   3.67085056045346     
         369   3.67416163503268     
         370   3.67725446092526     
         371   3.68105723447757     
         372   3.68461704634741     
         373   3.68833899190468     
         374   3.69234435907034     
         375   3.69613524537733     
         376   3.70031142302798     
         377   3.70431749278991     
         378   3.70804906088670     
         379   3.71164965045435     
         380   3.71537865260143     
         381   3.71865070673903     
         382   3.72140192232296     
         383   3.72400813595199     
         384   3.72624146555986     
         385   3.72799250692258     
         386   3.72943892360215     
         387   3.73033381705705     
         388   3.73074882126430     
         389   3.73068635195354     
         390   3.72995525643490     
         391   3.72849321904201     
         392   3.72632537860375     
         393   3.72340669395918     
         394   3.71992814440812     
         395   3.71597543356284     
         396   3.71146749353119     
         397   3.70646462445124     
         398   3.70088448969960     
         399   3.69497559699158     
         400   3.68847682104208     
         401   3.68138339115150     
         402   3.67400663605882     
         403   3.66618685195619     
         404   3.65819401486319     
         405   3.65004410513878     
         406   3.64172256821486     
         407   3.63373760810012     
         408   3.62581837734582     
         409   3.61792639544760     
         410   3.61073141864361     
         411   3.60377602381079     
           1   3.59714404909727     
           2   3.59056354803831     
           3   3.58459081973855     
           4   3.57905511834694     
           5   3.57412381961450     
           6   3.57004051831684     
           7   3.56652986445081     
           8   3.56398119561839     
           9   3.56212330187798     
          10   3.56194083087422     
          11   3.56198927411533     
          12   3.56268906642653     
          13   3.56420846997752     
          14   3.56683831329542     
          15   3.56977966388403     
          16   3.57335977762011     
          17   3.57794393242221     
          18   3.58334334986755     
          19   3.58922021077957     
          20   3.59599358181178     
          21   3.60318039468743     
          22   3.61037192296008     
          23   3.61729253807177     
          24   3.62469308036990     
          25   3.63179575811327     
          26   3.63869188110131     
          27   3.64539761454579     
          28   3.65190696170553     
          29   3.65762168485420     
          30   3.66325193454205     
          31   3.66859332590437     
          32   3.67304869762263     
          33   3.67711192144976     
          34   3.68024721542179     
          35   3.68272935855031     
          36   3.68436476889065     
          37   3.68592211636418     
          38   3.68724657933142     
          39   3.68788544078203     
          40   3.68758912359245     
          41   3.68664254018374     
          42   3.68496415826923     
          43   3.68295789951265     
          44   3.68066104912610     
          45   3.67782320654383     
          46   3.67534300899398     
          47   3.67233030266009     
          48   3.66896092510964     
          49   3.66558202112363     
          50   3.66268734815167     
          51   3.66015033829305     
          52   3.65796502708635     
          53   3.65561474897878     
          54   3.65391445713999     
          55   3.65210131281582     
          56   3.65009927610641     
          57   3.64888445743173     
          58   3.64797631153115     
          59   3.64691051259348     
          60   3.64580568640316     
          61   3.64441715333680     
          62   3.64290919271700     
          63   3.64123409272338     
          64   3.63956411546699     
          65   3.63736625625685     
          66   3.63448484357687     
          67   3.63089661603289     
          68   3.62677370298900     
          69   3.62264701209206     
          70   3.61881281559782     
          71   3.61490019297727     
          72   3.61163380228605     
          73   3.60999997261102     
          74   3.60978109462373     
          75   3.61108353560177     
          76   3.61377618888810     
          77   3.61706830235290     
          78   3.62078677411736     
          79   3.62462458863748     
          80   3.62849441810598     
          81   3.63219194123250     
          82   3.63561097578448     
          83   3.63869545995456     
          84   3.64105354990154     
          85   3.64292861601760     
          86   3.64455587342034     
          87   3.64555072035397     
          88   3.64569535750282     
          89   3.64515076214033     
          90   3.64384396863211     
          91   3.64155217213649     
          92   3.63826960641488     
          93   3.63404843642933     
          94   3.62868115210317     
          95   3.62212662091290     
          96   3.61456083763839     
          97   3.60615809350791     
          98   3.59659414092445     
          99   3.58584667749317     
         100   3.57388854473137     
         101   3.56047305404936     
         102   3.54572938611521     
         103   3.53010474452138     
         104   3.51425313156632     
         105   3.49952832615032     
         106   3.48564722372636     
         107   3.47203604756085     
         108   3.45967008786816     
         109   3.44938805525263     
         110   3.44009252777416     
         111   3.43211645942948     
         112   3.42547282941154     
         113   3.42039991796163     
         114   3.41569913238452     
         115   3.41310241385695     
         116   3.41126240846420     
         117   3.41059852325659     
         118   3.41144006887857     
         119   3.41387480402427     
         120   3.41756067974446     
         121   3.42183157664818     
         122   3.42836855904945     
         123   3.43536763854230     
         124   3.44294306143299     
         125   3.45125182358059     
         126   3.46086419525142     
         127   3.47096036501052     
         128   3.48190290841317     
         129   3.49311947476877     
         130   3.50411676439219     
         131   3.51508489659413     
         132   3.52594605939341     
         133   3.53648146395898     
         134   3.54678328465789     
         135   3.55624028629308     
         136   3.56486882443991     
         137   3.57290896144677     
         138   3.58031639159564     
         139   3.58720765068008     
         140   3.59358934069186     
         141   3.59905931910760     
         142   3.60400678788514     
         143   3.60848819329902     
         144   3.61204246678177     
         145   3.61493118084132     
         146   3.61700536291231     
         147   3.61839531325054     
         148   3.61898412024596     
         149   3.61940013393717     
         150   3.61912355910541     
         151   3.61821866481756     
         152   3.61673504043610     
         153   3.61451173597282     
         154   3.61164667337773     
         155   3.60811862844104     
         156   3.60416450834544     
         157   3.59961521008609     
         158   3.59450041349765     
         159   3.58898741119971     
         160   3.58323164839840     
         161   3.57702384293100     
         162   3.57076144532853     
         163   3.56414414563338     
         164   3.55741936310005     
         165   3.55107844856086     
         166   3.54494448241847     
         167   3.53876595284076     
         168   3.53267839806403     
         169   3.52702338554438     
         170   3.52157578001328     
         171   3.51674235567844     
         172   3.51250247723823     
         173   3.50885776203161     
         174   3.50641419768955     
         175   3.50480129468279     
         176   3.50389900472282     
         177   3.50351916302827     
         178   3.50374574668363     
         179   3.50472146567716     
         180   3.50631108839354     
         181   3.50820988682355     
         182   3.51036101522771     
         183   3.51283289436829     
         184   3.51590559727024     
         185   3.51948284191546     
         186   3.52352926393320     
         187   3.52748311843606     
         188   3.53142218713858     
         189   3.53543411849227     
         190   3.53969988049036     
         191   3.54413700839735     
         192   3.54819865036685     
         193   3.55253380379541     
         194   3.55651578336888     
         195   3.56014658261417     
         196   3.56369116487782     
         197   3.56708433149180     
         198   3.57049173918055     
         199   3.57353462121438     
         200   3.57601658786889     
         201   3.57795195607915     
         202   3.57961643304784     
         203   3.58114527558107     
         204   3.58239021121774     
         205   3.58331735804882     
         206   3.58392282038221     
         207   3.58387258274318     
         208   3.58331024181469     
         209   3.58224995985149     
         210   3.58073357667261     
         211   3.57869333840431     
         212   3.57650770548408     
         213   3.57359909632248     
         214   3.57012614753032     
         215   3.56614336841831     
         216   3.56182342050687     
         217   3.55692662931339     
         218   3.55161933174491     
         219   3.54601255493327     
         220   3.53993422618796     
         221   3.53372523595630     
         222   3.52713529023754     
         223   3.52038850909058     
         224   3.51357542711997     
         225   3.50677491900866     
         226   3.49987361082093     
         227   3.49293081030932     
         228   3.48566090859453     
         229   3.47883966765535     
         230   3.47185136122919     
         231   3.46488841989800     
         232   3.45812324047788     
         233   3.45147340307079     
         234   3.44526848776079     
         235   3.43916043159097     
         236   3.43344021605855     
         237   3.42821168313957     
         238   3.42316473474714     
         239   3.41858831293264     
         240   3.41525453166532     
         241   3.41209954831170     
         242   3.40926105404224     
         243   3.40740308091266     
         244   3.40658455709639     
         245   3.40613254957523     
         246   3.40651525390306     
         247   3.40824893437972     
         248   3.41090835042070     
         249   3.41430718212002     
         250   3.41867469141668     
         251   3.42359463817747     
         252   3.42909679688384     
         253   3.43511146275566     
         254   3.44218868183195     
         255   3.44928513373349     
         256   3.45685303298512     
         257   3.46440652640707     
         258   3.47165334443358     
         259   3.47907094099804     
         260   3.48615251256145     
         261   3.49287986288676     
         262   3.49926462484768     
         263   3.50523379712352     
         264   3.51103568460383     
         265   3.51637238873830     
         266   3.52131250870659     
         267   3.52576184347543     
         268   3.52954005869995     
         269   3.53285579084124     
         270   3.53590179023457     
         271   3.53830420787778     
         272   3.54027777499516     
         273   3.54184241509676     
         274   3.54285691076478     
         275   3.54332312788565     
         276   3.54361703942871     
         277   3.54327412945940     
         278   3.54235002967800     
         279   3.54103491525949     
         280   3.53930823474154     
         281   3.53709055365640     
         282   3.53465689819661     
         283   3.53207575047789     
         284   3.52901813347132     
         285   3.52546960632301     
         286   3.52137543124375     
         287   3.51696626556995     
         288   3.51236105075602     
         289   3.50734084790936     
         290   3.50185088339030     
         291   3.49617365465621     
         292   3.49001841724923     
         293   3.48340303126758     
         294   3.47660289382214     
         295   3.46940450740585     
         296   3.46200236580088     
         297   3.45467461850003     
         298   3.44753667110660     
         299   3.44081669574632     
         300   3.43468853682119     
         301   3.42898721565017     
         302   3.42368131364531     
         303   3.41900930992126     
         304   3.41477906863399     
         305   3.41101343315789     
         306   3.40797646702628     
         307   3.40587684132279     
         308   3.40450501365985     
         309   3.40387325947705     
         310   3.40370792523356     
         311   3.40411018999784     
         312   3.40492502180011     
         313   3.40630922598915     
         314   3.40829078253979     
         315   3.41023412544556     
         316   3.41244111037629     
         317   3.41479593112491     
         318   3.41715226138232     
         319   3.41899072102840     
         320   3.42031779270882     
         321   3.42159586174639     
         322   3.42270739784665     
         323   3.42328570893575     
         324   3.42335242156432     
         325   3.42296822077196     
         326   3.42257832552821     
         327   3.42177405913768     
         328   3.42090720044915     
         329   3.41964581331650     
         330   3.41799409467311     
         331   3.41584859012360     
         332   3.41377888837175     
         333   3.41214230119281     
         334   3.41142760450627     
         335   3.41124335408785     
         336   3.41100756142441     
         337   3.41111903420786     
         338   3.41154879968908     
         339   3.41177799864361     
         340   3.41203435339911     
         341   3.41206645370950     
         342   3.41198254608408     
         343   3.41226089052460     
         344   3.41258161703316     
         345   3.41324457376811     
         346   3.41390070346912     
         347   3.41457950094888     
         348   3.41506123381734     
         349   3.41589746284180     
         350   3.41694130824394     
         351   3.41796668724920     
         352   3.41930412762077     
         353   3.42051191779116     
         354   3.42121970542141     
         355   3.42168982007517     
         356   3.42204597750840     
         357   3.42235959532259     
         358   3.42263294636976     
         359   3.42250598996095     
         360   3.42222019814996     
         361   3.42181404028945     
         362   3.42135188755850     
         363   3.42085876562321     
         364   3.42064477027519     
         365   3.42081931873193     
         366   3.42107382094527     
         367   3.42149228328648     
         368   3.42170973478023     
         369   3.42190731597724     
         370   3.42228284480891     
         371   3.42305514770625     
         372   3.42353384862835     
         373   3.42384095353805     
         374   3.42398304299675     
         375   3.42425603891728     
         376   3.42454359078668     
         377   3.42481548252488     
         378   3.42462614911903     
         379   3.42381071782270     
         380   3.42256173887785     
         381   3.42106173143274     
         382   3.41895012374995     
         383   3.41621323676559     
         384   3.41290477255068     
         385   3.40880460638351     
         386   3.40386434440302     
         387   3.39819914855443     
         388   3.39178926442178     
         389   3.38471160793733     
           1   3.37695764833400     
           2   3.36858448551142     
           3   3.35960706665967     
           4   3.35046388209844     
           5   3.34111775776587     
           6   3.33163539677263     
           7   3.32262824205477     
           8   3.31462936059752     
           9   3.30742180214472     
          10   3.30072395290321     
          11   3.29487478125253     
          12   3.29027136315486     
          13   3.28664220505250     
          14   3.28336094382334     
          15   3.28093649965055     
          16   3.28010572110595     
          17   3.27981798871634     
          18   3.27993390111734     
          19   3.28142676150800     
          20   3.28396722305074     
          21   3.28674073077942     
          22   3.28964990611052     
          23   3.29328116259478     
          24   3.29731552508711     
          25   3.30157236420527     
          26   3.30600552311792     
          27   3.31068338842305     
          28   3.31618941036942     
          29   3.32181324285509     
          30   3.32709644942166     
          31   3.33252412479402     
          32   3.33816148553976     
          33   3.34376174561747     
          34   3.34911858956212     
          35   3.35414103954730     
          36   3.35882794107003     
          37   3.36336243895291     
          38   3.36765819969729     
          39   3.37194339592614     
          40   3.37592439871163     
          41   3.37981013500600     
          42   3.38331155378847     
          43   3.38630396334121     
          44   3.38906528951932     
          45   3.39124160150708     
          46   3.39289224337384     
          47   3.39455829017997     
          48   3.39610722159074     
          49   3.39712297677527     
          50   3.39782117048850     
          51   3.39814090584844     
          52   3.39830657852489     
          53   3.39796262799840     
          54   3.39719110897792     
          55   3.39627588587926     
          56   3.39511589259002     
          57   3.39361408531383     
          58   3.39166556264034     
          59   3.38975787536735     
          60   3.38755639915816     
          61   3.38508491127318     
          62   3.38225731520436     
          63   3.37934842848191     
          64   3.37624523027968     
          65   3.37331131756634     
          66   3.37040156930061     
          67   3.36724622122495     
          68   3.36401034421568     
          69   3.36080647596839     
          70   3.35755302435304     
          71   3.35455028071528     
          72   3.35162269228415     
          73   3.34878120777311     
          74   3.34623602443007     
          75   3.34381903552566     
          76   3.34146352794005     
          77   3.33933006310961     
          78   3.33734249462900     
          79   3.33549222130017     
          80   3.33398313100083     
          81   3.33257438871848     
          82   3.33137203395646     
          83   3.33037355318987     
          84   3.32963120043532     
          85   3.32943704594092     
          86   3.32966345647181     
          87   3.33000482717741     
          88   3.33046726886099     
          89   3.33130115199604     
          90   3.33226126534373     
          91   3.33346321833871     
          92   3.33487440986518     
          93   3.33682081417107     
          94   3.33882700142744     
          95   3.34128908122945     
          96   3.34388442430665     
          97   3.34663227264355     
          98   3.34971524088800     
          99   3.35308126922172     
         100   3.35632250299767     
         101   3.35956141936500     
         102   3.36292133234432     
         103   3.36602408800257     
         104   3.36880043716000     
         105   3.37141677017838     
         106   3.37408882255732     
         107   3.37646512043492     
         108   3.37861463380932     
         109   3.38049955520650     
         110   3.38200042861245     
         111   3.38319017777529     
         112   3.38412576697516     
         113   3.38459822644645     
         114   3.38456235927368     
         115   3.38403004543449     
         116   3.38320231706806     
         117   3.38201940390011     
         118   3.38042742602819     
         119   3.37839284619613     
         120   3.37584488865552     
         121   3.37290183578883     
         122   3.36949022392309     
         123   3.36563843359419     
         124   3.36123882358196     
         125   3.35662063440550     
         126   3.35161544387530     
         127   3.34634510961089     
         128   3.34063121746535     
         129   3.33474116325778     
         130   3.32843640080704     
         131   3.32214984451513     
         132   3.31609052743066     
         133   3.30977098943652     
         134   3.30348690069120     
         135   3.29715445671826     
         136   3.29092711097637     
         137   3.28478278699646     
         138   3.27879763885698     
         139   3.27273249711241     
         140   3.26700135274394     
         141   3.26146752038326     
         142   3.25645198505151     
         143   3.25170317196688     
         144   3.24732884267404     
         145   3.24320173037646     
         146   3.23955848501722     
         147   3.23620967560523     
         148   3.23377314099476     
         149   3.23144533277604     
         150   3.22969078173331     
         151   3.22808594645948     
         152   3.22762562029710     
         153   3.22798630584892     
         154   3.22871868049619     
         155   3.23012307184977     
         156   3.23174548871716     
         157   3.23432201829713     
         158   3.23698841488574     
         159   3.24021854459299     
         160   3.24401819163016     
         161   3.24846548152632     
         162   3.25295893988220     
         163   3.25752803884324     
         164   3.26200725678911     
         165   3.26641426271907     
         166   3.27103474455070     
         167   3.27587412287555     
         168   3.28051973872202     
         169   3.28499721869325     
         170   3.28938792245526     
         171   3.29374951691155     
         172   3.29775704902491     
         173   3.30153962925491     
         174   3.30517119350401     
         175   3.30835203855204     
         176   3.31106065199668     
         177   3.31368797114328     
         178   3.31593583737481     
         179   3.31793023231018     
         180   3.32004169534770     
         181   3.32194677671514     
         182   3.32347361097867     
         183   3.32491741203137     
         184   3.32632947983134     
         185   3.32785917936383     
         186   3.32900628987171     
         187   3.32994384529788     
         188   3.33068222316258     
         189   3.33133714327275     
         190   3.33195161843402     
         191   3.33255632315211     
         192   3.33306147278662     
         193   3.33311706915423     
         194   3.33268680225366     
         195   3.33173097561588     
         196   3.33049597321655     
         197   3.32949236891386     
         198   3.32807061028288     
         199   3.32629408032460     
         200   3.32437259082490     
         201   3.32202881793167     
         202   3.31951211958150     
         203   3.31664254033700     
         204   3.31341530326161     
         205   3.30998188350377     
         206   3.30614323154068     
         207   3.30185532731549     
         208   3.29716632220567     
         209   3.29207175074792     
         210   3.28663974958102     
         211   3.28100578637093     
         212   3.27565027106649     
         213   3.27029724693414     
         214   3.26515679195060     
         215   3.26012658338119     
         216   3.25499889054622     
         217   3.24983045783123     
         218   3.24476964211958     
         219   3.23972200057917     
         220   3.23467228247888     
         221   3.22950109372184     
         222   3.22423003867813     
         223   3.21863549968419     
         224   3.21286054629206     
         225   3.20671240936866     
         226   3.20022268172951     
         227   3.19348922446811     
         228   3.18644149818758     
         229   3.17931325177799     
         230   3.17255117409267     
         231   3.16598974316722     
         232   3.16012766580484     
         233   3.15494823654216     
         234   3.15097254301116     
         235   3.14765714321195     
         236   3.14423583852964     
         237   3.14126958334171     
         238   3.13862957017638     
         239   3.13656509496401     
         240   3.13495737527444     
         241   3.13384031133589     
         242   3.13241012955577     
         243   3.13140238089776     
         244   3.13030441998741     
         245   3.12932816123049     
         246   3.12864739616481     
         247   3.12811581902516     
         248   3.12786020195956     
         249   3.12705794307379     
         250   3.12668616327246     
         251   3.12616763661908     
         252   3.12579490008530     
         253   3.12566624551151     
         254   3.12596746062466     
         255   3.12617817874413     
         256   3.12674455330861     
         257   3.12744148192958     
         258   3.12813589514333     
         259   3.12962359857085     
         260   3.13152249173193     
         261   3.13337401374365     
         262   3.13557370261864     
         263   3.13825019995600     
         264   3.14146146754552     
         265   3.14490174777500     
         266   3.14858970534351     
         267   3.15307749167241     
         268   3.15816334183017     
         269   3.16334188047144     
         270   3.16838518497533     
         271   3.17353361267992     
         272   3.17886178406099     
         273   3.18415134775202     
         274   3.18910988483488     
         275   3.19374501124617     
         276   3.19829195397483     
         277   3.20263626111302     
         278   3.20690665233590     
         279   3.21061873712751     
         280   3.21383215268325     
         281   3.21679904451591     
         282   3.21972208516018     
         283   3.22228728657784     
         284   3.22446926806232     
         285   3.22604542044609     
         286   3.22736095070178     
         287   3.22846309502249     
         288   3.22919452810117     
         289   3.22934684418185     
         290   3.22904298012943     
         291   3.22849387727476     
         292   3.22780565982574     
         293   3.22679079970830     
         294   3.22573921994847     
         295   3.22430382728032     
         296   3.22245954451328     
         297   3.22031336362346     
         298   3.21819844847072     
         299   3.21621703531686     
         300   3.21398617145619     
         301   3.21171692434124     
         302   3.20971910934666     
         303   3.20787364011756     
         304   3.20591977609062     
         305   3.20418292415540     
         306   3.20262430037289     
         307   3.20136498647166     
         308   3.20034394833639     
         309   3.19926615232176     
         310   3.19832320046028     
         311   3.19773389724357     
         312   3.19755340664736     
         313   3.19758406311400     
         314   3.19769979816439     
         315   3.19820700318408     
         316   3.19884738972089     
         317   3.19971213353272     
         318   3.20091130364742     
         319   3.20220303907093     
         320   3.20368746887726     
         321   3.20565628553669     
         322   3.20768055543949     
         323   3.20973146921826     
         324   3.21188968081005     
         325   3.21432625224867     
         326   3.21687676068420     
         327   3.21948366558480     
         328   3.22232401225803     
         329   3.22503778795521     
         330   3.22769999511592     
         331   3.23015121762635     
         332   3.23245132768423     
         333   3.23503737962402     
         334   3.23763045890896     
         335   3.23990271294350     
         336   3.24191516988543     
         337   3.24378965921611     
         338   3.24560514762899     
         339   3.24719155978617     
         340   3.24881072087204     
         341   3.24997299433362     
         342   3.25090186466892     
         343   3.25135465142662     
         344   3.25151427637139     
         345   3.25179375482253     
         346   3.25194601688639     
         347   3.25186575411399     
         348   3.25152575595321     
         349   3.25097996118797     
         350   3.24998120402348     
         351   3.24855251134826     
         352   3.24684094063156     
         353   3.24507689871951     
         354   3.24322572445924     
         355   3.24110171476375     
         356   3.23855854018731     
         357   3.23589989374533     
         358   3.23339165676970     
         359   3.23064624760352     
         360   3.22766651944114     
         361   3.22456968002574     
         362   3.22138182271505     
         363   3.21794861802005     
         364   3.21453830392519     
         365   3.21112369917851     
         366   3.20741866569610     
         367   3.20361061835323     
         368   3.19974494046843     
         369   3.19568375687665     
         370   3.19157560172224     
         371   3.18748945729887     
         372   3.18333186627297     
         373   3.17946215114946     
         374   3.17587518138425     
         375   3.17237833353410     
         376   3.16898898971674     
         377   3.16603770177858     
         378   3.16300114790782     
         379   3.16002634980555     
         380   3.15734893735236     
         381   3.15553686013832     
         382   3.15388536409396     
         383   3.15235265520881     
         384   3.15108250185560     
         385   3.15060306366817     
         386   3.15050151011772     
         387   3.15045110813714     
         388   3.15042255854814     
         389   3.15090453732670     
         390   3.15225333117010     
         391   3.15407959076592     
         392   3.15615193545090     
         393   3.15817083105012     
         394   3.16077400719100     
         395   3.16382961332848     
         396   3.16731965016315     
         397   3.17089089372618     
         398   3.17452971444037     
         399   3.17830762587819     
         400   3.18198647494198     
         401   3.18564093506341     
         402   3.18916500143598     
         403   3.19295317188220     
         404   3.19683155892687     
         405   3.20058405527175     
         406   3.20409480381175     
         407   3.20722467205037     
         408   3.21012860495144     
         409   3.21315152243119     
         410   3.21594489930669     
         411   3.21829451054864     
         412   3.22057940471586     
         413   3.22238724501412     
         414   3.22394157463870     
         415   3.22542996938946     
         416   3.22654825892758     
         417   3.22726760160972     
         418   3.22772029926396     
         419   3.22799116466230     
         420   3.22787527514385     
         421   3.22735305314842     
         422   3.22662597375007     
         423   3.22559585045382     
         424   3.22412763535415     
         425   3.22252042497793     
         426   3.22067167548343     
         427   3.21830036785208     
         428   3.21546359734460     
         429   3.21234704029201     
         430   3.20911108370134     
         431   3.20555887490510     
         432   3.20169229802609     
         433   3.19760121919200     
         434   3.19323609357569     
         435   3.18864739208252     
         436   3.18380227160439     
         437   3.17871094544851     
         438   3.17327325581680     
         439   3.16762424570472     
         440   3.16173438880583     
         441   3.15595419264637     
         442   3.15009471170668     
         443   3.14439868666306     
         444   3.13876170798214     
         445   3.13318490579740     
         446   3.12784088803267     
         447   3.12265507497448     
         448   3.11769481666948     
         449   3.11272319482271     
         450   3.10800411466671     
         451   3.10341315713650     
         452   3.09943092010970     
         453   3.09565641759656     
