#CYCLE AVERAGE PRIMITIVE QUANTITIES
     1  0.321116E-01  0.658609E+03  0.677808E+03  0.000000E+00  0.000000E+00
     2  0.321116E-01  0.658609E+03  0.677808E+03  0.000000E+00  0.000000E+00
     3  0.321116E-01  0.658609E+03  0.677808E+03  0.000000E+00  0.000000E+00
     4  0.321116E-01  0.658609E+03  0.677808E+03  0.000000E+00  0.000000E+00
     5  0.321116E-01  0.658609E+03  0.677808E+03  0.000000E+00  0.000000E+00
     6  0.321116E-01  0.658609E+03  0.677808E+03  0.000000E+00  0.000000E+00
     7  0.321116E-01  0.658609E+03  0.677808E+03  0.000000E+00  0.000000E+00
     8  0.321116E-01  0.658609E+03  0.677808E+03  0.000000E+00  0.000000E+00
     9  0.321116E-01  0.658609E+03  0.677808E+03  0.000000E+00  0.000000E+00
    10  0.321116E-01  0.658609E+03  0.677808E+03  0.000000E+00  0.000000E+00
    11  0.321116E-01  0.658609E+03  0.677808E+03  0.000000E+00  0.000000E+00
    12  0.321116E-01  0.658609E+03  0.677808E+03  0.000000E+00  0.000000E+00
    13  0.321116E-01  0.658609E+03  0.677808E+03  0.000000E+00  0.000000E+00
    14  0.321116E-01  0.658609E+03  0.677808E+03  0.000000E+00  0.000000E+00
    15  0.321116E-01  0.658609E+03  0.677808E+03  0.000000E+00  0.000000E+00
