@variables: it residual
           1  0.753928236592156     
           2  0.448045665992661     
           3  0.112169425137724     
           4  5.195700351072333E-002
           5  1.899660700785709E-002
           6 -2.810207720401006E-002
           7 -4.951398356531527E-002
           8 -7.281337443379111E-002
           9 -9.873724587948789E-002
          10 -0.120391072780593     
          11 -0.138537431625692     
          12 -0.156196214565978     
          13 -0.171592629500588     
          14 -0.188753069233693     
          15 -0.202982005419312     
          16 -0.218904275762004     
          17 -0.232477619984326     
          18 -0.246688785982196     
          19 -0.260624996700389     
          20 -0.273179345670348     
          21 -0.286880394024782     
          22 -0.298089609003443     
          23 -0.310749202628521     
          24 -0.323464295443283     
          25 -0.336523176539882     
          26 -0.349742757630951     
          27 -0.365761491278599     
          28 -0.381060326855064     
          29 -0.389766693526569     
          30 -0.406818027268794     
          31 -0.434641252952902     
          32 -0.475368133051100     
          33 -0.525887761954171     
          34 -0.577854962220651     
          35 -0.568578604790924     
          36 -0.532572283259201     
          37 -0.502499181024625     
          38 -0.485310660810904     
          39 -0.473442485243768     
          40 -0.472228320643750     
          41 -0.470610111174849     
          42 -0.475817120884472     
          43 -0.479451909704745     
          44 -0.481042198556159     
          45 -0.489209007991086     
          46 -0.493325856073277     
          47 -0.498955190555642     
          48 -0.513262727072411     
          49 -0.523212296440946     
          50 -0.538291666811144     
          51 -0.547172706104333     
          52 -0.552537050487920     
          53 -0.557384497703766     
          54 -0.560775582840689     
          55 -0.561827109084708     
          56 -0.560999470099577     
          57 -0.558395569683841     
          58 -0.556305478154397     
          59 -0.557897225098784     
          60 -0.568188125864510     
          61 -0.573624682043990     
          62 -0.593872870394414     
          63 -0.631692386307472     
          64 -0.687012142696612     
          65 -0.760969841960148     
          66 -0.849632452603032     
