#CYCLE AVERAGE PRIMITIVE QUANTITIES
     1  0.116145E+01  0.100054E+06  0.616874E-02  0.193719E-02  0.000000E+00
     2  0.116172E+01  0.100086E+06  0.111440E-01  0.363466E-02  0.000000E+00
     3  0.116224E+01  0.100149E+06  0.217399E-01  0.709582E-02  0.000000E+00
     4  0.116325E+01  0.100271E+06  0.434825E-01  0.142080E-01  0.000000E+00
     5  0.116537E+01  0.100527E+06  0.917323E-01  0.297953E-01  0.000000E+00
     6  0.116999E+01  0.101086E+06  0.204002E+00  0.657372E-01  0.000000E+00
     7  0.118054E+01  0.102364E+06  0.478979E+00  0.152756E+00  0.000000E+00
     8  0.121599E+01  0.106708E+06  0.253159E+01  0.667608E+00  0.000000E+00
     9  0.295553E+01  0.386356E+06 -0.128989E+02 -0.966423E+00  0.000000E+00
    10  0.253061E+01  0.310838E+06 -0.655423E+01 -0.832320E+00  0.000000E+00
    11  0.212139E+01  0.242671E+06 -0.707328E+01 -0.118698E+01  0.000000E+00
    12  0.179397E+01  0.191882E+06 -0.610555E+01 -0.121861E+01  0.000000E+00
    13  0.157277E+01  0.159575E+06 -0.563634E+01 -0.178193E+01  0.000000E+00
    14  0.137685E+01  0.132417E+06 -0.473590E+01 -0.176699E+01  0.000000E+00
    15  0.122657E+01  0.112623E+06 -0.434086E+01 -0.172523E+01  0.000000E+00
    16  0.110034E+01  0.967306E+05 -0.390161E+01 -0.196477E+01  0.000000E+00
    17  0.100263E+01  0.849111E+05 -0.312939E+01 -0.188824E+01  0.000000E+00
    18  0.925664E+00  0.759221E+05 -0.270513E+01 -0.171555E+01  0.000000E+00
    19  0.874643E+00  0.701298E+05 -0.152172E+01 -0.157468E+01  0.000000E+00
    20  0.853650E+00  0.677838E+05 -0.835850E-01 -0.120121E+01  0.000000E+00
