@variables: it residual
           1   4.87385295710599     
           2   4.85912277017282     
           3   4.84359346347728     
           4   4.82956334597641     
           5   4.81882040068052     
           6   4.80691749627219     
           7   4.79446589520165     
           8   4.78409036335534     
           9   4.77520572364618     
          10   4.76954470221565     
          11   4.76118607740367     
          12   4.75352702020786     
          13   4.74677121744664     
          14   4.74134608338576     
          15   4.73968738772065     
          16   4.73521150175776     
          17   4.72581259577912     
          18   4.71461813274384     
          19   4.70325345339883     
          20   4.69189235452892     
          21   4.68192929654069     
          22   4.67236523857555     
          23   4.66377125879457     
          24   4.65754248001048     
          25   4.64736535265671     
          26   4.63303546321527     
          27   4.61999612555794     
          28   4.61254148103155     
          29   4.59959866328814     
          30   4.58738316038094     
          31   4.57737788197819     
          32   4.56568664141571     
          33   4.55534084325745     
          34   4.54190330290031     
          35   4.53370401766637     
          36   4.52254880465185     
          37   4.50933519272499     
          38   4.49719080451429     
          39   4.48232823900371     
          40   4.46847576932167     
          41   4.45775343140321     
          42   4.44889270433904     
          43   4.44023994624591     
          44   4.43530429628722     
          45   4.42745001268339     
          46   4.42171292116887     
          47   4.42013129146180     
          48   4.42492698006137     
          49   4.42981799838334     
          50   4.43340137718151     
          51   4.43250079611931     
          52   4.42719155269481     
          53   4.41757537666809     
          54   4.41336334262010     
          55   4.40901575428285     
          56   4.40298601732930     
          57   4.39645708011839     
          58   4.38829882139607     
          59   4.38160602323583     
          60   4.37567528733781     
          61   4.37271076524104     
          62   4.36793826564152     
          63   4.36076367245042     
          64   4.35180083510342     
          65   4.34247672140089     
          66   4.33206655914453     
          67   4.32270797913795     
          68   4.31294497224963     
          69   4.30089370348071     
          70   4.28689578793625     
          71   4.27146397545978     
          72   4.25617190256735     
          73   4.24354783068669     
          74   4.23223512833708     
          75   4.21916138191008     
          76   4.20518154245856     
          77   4.19226164992780     
          78   4.17967323742776     
          79   4.16648817180498     
          80   4.15421478620276     
          81   4.14366983922688     
          82   4.13082269176175     
          83   4.11862050344993     
          84   4.10612940663264     
          85   4.09115520657518     
          86   4.07536576681460     
          87   4.06002873498993     
          88   4.04648041406158     
          89   4.03465692683143     
          90   4.02370950112621     
          91   4.01448199041462     
          92   4.00546044326846     
          93   3.99607973120007     
          94   3.98837809618281     
          95   3.97926681092597     
          96   3.96850255249138     
          97   3.95634444026052     
          98   3.94438355776290     
          99   3.93146985396210     
         100   3.91725291942651     
         101   3.90240500360636     
         102   3.88699348131551     
         103   3.87364103714797     
         104   3.86037789067383     
         105   3.84917965083906     
         106   3.83855307734826     
         107   3.82825393971770     
         108   3.81814327796908     
         109   3.80898298792211     
         110   3.79955094948940     
         111   3.78938094055681     
         112   3.77656062121055     
         113   3.76480339521349     
         114   3.75424215262514     
         115   3.74421915830887     
         116   3.73260306906091     
         117   3.71859905410827     
         118   3.70283119265078     
         119   3.68691022763398     
         120   3.66922621775990     
         121   3.65133630049388     
         122   3.63405120362769     
         123   3.61579623023990     
         124   3.59716972660143     
         125   3.57883844819782     
         126   3.55892471975262     
         127   3.54290460229196     
         128   3.52861587777152     
         129   3.51614288791553     
         130   3.50328159351026     
         131   3.49046798007177     
         132   3.47750892205504     
         133   3.46458711516226     
         134   3.44928232279513     
         135   3.43159054427327     
         136   3.41095346977718     
         137   3.38685636967313     
         138   3.36486615844195     
         139   3.34482506410611     
         140   3.32477790070597     
         141   3.30227526899418     
         142   3.28014366351610     
         143   3.25432905449158     
         144   3.22757497052064     
         145   3.20338733470307     
         146   3.18091177359248     
         147   3.15867653229553     
         148   3.13254159168810     
         149   3.10515854038155     
         150   3.07706678154713     
         151   3.04814439794190     
         152   3.02020182293330     
         153   2.98802744875992     
         154   2.95558880099093     
         155   2.92432064341668     
         156   2.88986142228321     
         157   2.85078023654114     
