@variables: it residual
           1   4.89066632453053     
           2   4.86328737924009     
           3   4.84842633614762     
           4   4.83669742299870     
           5   4.82953401765545     
           6   4.81699970676420     
           7   4.80622770906603     
           8   4.79615779868478     
           9   4.78716284891305     
          10   4.78177263650083     
          11   4.77716224159346     
          12   4.76988340161735     
          13   4.76057535146096     
          14   4.75447266151684     
          15   4.75153212136402     
          16   4.74267335806709     
          17   4.73349191927277     
          18   4.72462793605097     
          19   4.71750263307550     
          20   4.70788774216555     
          21   4.69252692498624     
          22   4.68134686949600     
          23   4.67173391765831     
          24   4.65813843567418     
          25   4.64859197520287     
          26   4.63730500248791     
          27   4.62370352011798     
          28   4.60872466077601     
          29   4.59899791258160     
          30   4.59436695821411     
          31   4.58619767252571     
          32   4.57554413730358     
          33   4.57077108721947     
          34   4.56446570778680     
          35   4.55361089019787     
          36   4.54141235114359     
          37   4.53413549913848     
          38   4.52857681058812     
          39   4.52110341152326     
          40   4.51564519774826     
          41   4.50379740991309     
          42   4.49141442325121     
          43   4.48025901877104     
          44   4.47333109453397     
          45   4.47261785605506     
          46   4.47221926686150     
          47   4.46841382275845     
          48   4.46401716216189     
          49   4.46212016576261     
          50   4.46437889109396     
          51   4.47367523643245     
          52   4.47906612072597     
          53   4.48090772764179     
          54   4.48101521127570     
          55   4.47628072188540     
          56   4.47053995894949     
          57   4.46491822369392     
          58   4.46326372480633     
          59   4.46112112116434     
          60   4.45380061500244     
          61   4.44605580708410     
          62   4.44354594403803     
          63   4.44314284133025     
          64   4.43861160603050     
          65   4.43569696503844     
          66   4.43388793080455     
          67   4.42808418557047     
          68   4.42564672630521     
          69   4.41958157931689     
          70   4.40826107425952     
          71   4.39404103796200     
          72   4.38129303099256     
          73   4.36427402501662     
          74   4.35082191017037     
          75   4.33490024342651     
          76   4.31565920105248     
          77   4.29295716244210     
          78   4.26645182319605     
          79   4.24125683529122     
          80   4.21827563079865     
          81   4.19689302358040     
          82   4.17703240446181     
          83   4.15805752002803     
          84   4.14022087911392     
          85   4.12030626561375     
          86   4.10022549477771     
          87   4.08703227515469     
          88   4.07867063750184     
          89   4.07111418899598     
          90   4.06173806010486     
          91   4.05351631505364     
          92   4.04375323726174     
          93   4.03247240284919     
          94   4.02052563204529     
          95   4.00714383570314     
          96   3.99523043719064     
          97   3.98433575948802     
          98   3.97004023756165     
          99   3.95162144387415     
         100   3.93218767065933     
         101   3.91255948347861     
         102   3.89322620569013     
         103   3.87659359683375     
         104   3.86065836186063     
         105   3.84859326977904     
         106   3.83642853349063     
         107   3.82689826462396     
         108   3.82326898939364     
         109   3.82071984995358     
         110   3.81687263513779     
         111   3.81174963007445     
         112   3.80374329230310     
         113   3.79374092925214     
         114   3.78213915829454     
         115   3.77089028575219     
         116   3.76129402479674     
         117   3.75098050602850     
         118   3.74065078253864     
         119   3.73214030742273     
         120   3.72290877949726     
         121   3.71091117633887     
         122   3.70052582577172     
         123   3.68915128029870     
         124   3.68039836278991     
         125   3.67307246114254     
         126   3.66145761879210     
         127   3.64721441498728     
         128   3.63381957112437     
         129   3.62532384512230     
         130   3.62354709666925     
         131   3.61672428727482     
         132   3.60971078876349     
         133   3.60012934175953     
         134   3.58778373485046     
         135   3.57744960326562     
         136   3.56003300514230     
         137   3.54044359901983     
         138   3.51473110733416     
         139   3.49052919719702     
         140   3.47238806138927     
         141   3.45086122400322     
         142   3.42243424078319     
         143   3.39087543962975     
         144   3.35855622528129     
         145   3.32886304751188     
         146   3.31172095795289     
         147   3.29403704266896     
         148   3.27622450949678     
         149   3.25424278950775     
         150   3.22977469457097     
         151   3.20072870040227     
         152   3.16275108663027     
         153   3.11856307343740     
         154   3.06992600239164     
         155   3.02690392274504     
         156   2.99391345273218     
         157   2.95958706863756     
         158   2.93046240769740     
         159   2.89334947076898     
         160   2.85631342793587     
         161   2.82330956320401     
         162   2.79833251441913     
         163   2.79039300186474     
         164   2.80069582052357     
         165   2.80237860018768     
         166   2.79124169435466     
         167   2.76558856983285     
         168   2.74020180313020     
         169   2.71645236102810     
         170   2.69972044908629     
         171   2.68681916944179     
         172   2.66577888907229     
         173   2.63521583590872     
         174   2.59859192290952     
         175   2.56464725323784     
         176   2.55461267462609     
         177   2.53837355773103     
         178   2.51853504937561     
         179   2.49451422653653     
         180   2.47922354847381     
         181   2.47517543248007     
         182   2.46194482038782     
         183   2.44125921094165     
         184   2.43454849915636     
         185   2.42352981372621     
         186   2.40472064925475     
         187   2.38150931914642     
         188   2.37153173473880     
         189   2.36131281718939     
         190   2.35098552456812     
         191   2.34143232360405     
         192   2.32702868663615     
         193   2.31010221852162     
         194   2.29370470342156     
         195   2.28909282240680     
         196   2.29509295249981     
         197   2.29532466857534     
         198   2.29167245920595     
         199   2.28544374067730     
         200   2.27545191666038     
         201   2.26644571989287     
         202   2.25768294813871     
         203   2.24407192412032     
         204   2.23017575924210     
         205   2.21958182064949     
         206   2.21273428772515     
         207   2.20612770578572     
         208   2.20429111992944     
         209   2.20547318666224     
         210   2.20242184296025     
         211   2.19496465911038     
         212   2.18477391056203     
         213   2.17640632657944     
         214   2.16496294476157     
         215   2.15406193014929     
         216   2.14080713271187     
         217   2.12200923941161     
         218   2.10039307514479     
         219   2.08589739949577     
         220   2.07643416449770     
         221   2.05992370922233     
         222   2.04414207421074     
         223   2.03050306331836     
         224   2.01443638638019     
         225   1.99775892615516     
         226   1.97534736381025     
         227   1.95403254121675     
         228   1.93794193866380     
         229   1.92725367432394     
         230   1.91524913886665     
         231   1.90174243235460     
         232   1.88877000033829     
         233   1.87318324913963     
         234   1.85519945350369     
         235   1.83867833987877     
         236   1.81904350076451     
         237   1.80534454144382     
         238   1.79178818596014     
         239   1.77937091185545     
         240   1.76778693441660     
         241   1.75553971879092     
         242   1.74488056552518     
         243   1.72995851136117     
         244   1.71606868593306     
         245   1.70103395169696     
         246   1.68848960696810     
         247   1.67873972322200     
         248   1.66584829622601     
         249   1.64901907396761     
         250   1.63497678815170     
         251   1.62694599950740     
         252   1.61491617378120     
         253   1.60106455309404     
         254   1.58177344351883     
         255   1.55702844757612     
         256   1.53590041978733     
         257   1.51852568067708     
         258   1.49951392014683     
         259   1.48623684240345     
         260   1.47400448603565     
         261   1.46187790443789     
         262   1.44511043062056     
         263   1.42730402645829     
         264   1.41288132975942     
         265   1.39704009011978     
         266   1.37876206127518     
         267   1.35912351670575     
         268   1.34428356049914     
         269   1.33579324777579     
         270   1.32702504034958     
         271   1.31735287723870     
         272   1.30956208696176     
         273   1.29621616390094     
         274   1.27947987423761     
         275   1.26507952352441     
         276   1.25202064178296     
         277   1.23881737587786     
         278   1.22584595404311     
         279   1.21212522182620     
         280   1.19423406465787     
         281   1.17136452982399     
         282   1.14808111954262     
         283   1.12775434834617     
         284   1.10801910001565     
         285   1.08677003614438     
         286   1.06514735666681     
         287   1.03826090192802     
         288   1.01176294152260     
         289  0.995852217321452     
         290  0.980620775916790     
         291  0.964455408670492     
         292  0.948883505168590     
         293  0.936412264382952     
         294  0.927182938600308     
         295  0.917366327685915     
         296  0.903669249824849     
         297  0.888658014443852     
         298  0.879016440223642     
         299  0.864301574707589     
         300  0.846386611879033     
         301  0.827855367310189     
         302  0.811501407853274     
         303  0.798443326232364     
         304  0.783899901687364     
         305  0.772149705053900     
         306  0.757596331279903     
         307  0.739764336366790     
         308  0.719002995679009     
         309  0.697170107050222     
         310  0.679082317378883     
         311  0.662209358976756     
         312  0.640249321895903     
         313  0.615533413836561     
         314  0.594512164925894     
         315  0.576173773082424     
         316  0.554094506987206     
         317  0.534768893869822     
         318  0.523436633475483     
         319  0.521607862380542     
         320  0.516600774873729     
         321  0.508311240132536     
         322  0.500305368412920     
         323  0.489011346768733     
         324  0.472896171886766     
         325  0.455232899945177     
         326  0.437261090785300     
         327  0.428305181571377     
         328  0.416458257369440     
         329  0.402282882341056     
         330  0.389855163560103     
         331  0.381637050198248     
         332  0.373228435437916     
         333  0.361628927922165     
         334  0.352294037388081     
         335  0.344721316285389     
         336  0.337490606465095     
         337  0.326822434140709     
         338  0.313570790383173     
         339  0.294768089211723     
         340  0.280521287462632     
         341  0.267550069468976     
         342  0.253981720560920     
         343  0.240583323260512     
         344  0.232821162799405     
         345  0.223013176317809     
         346  0.210299284224979     
         347  0.195923672264893     
         348  0.185073544624757     
         349  0.174489242636303     
         350  0.164851419232131     
         351  0.153664387989001     
         352  0.145238962592812     
         353  0.137076192251219     
         354  0.125433562902040     
         355  0.109998040827593     
         356  9.392149387461825E-002
         357  8.028382277334799E-002
         358  6.452166179278596E-002
         359  5.060964690236606E-002
         360  3.534853701314086E-002
         361  1.887971705939370E-002
         362  5.755225046739728E-004
         363 -1.487368202652405E-002
         364 -2.437127257999526E-002
         365 -3.359757307952619E-002
         366 -4.476151559037341E-002
         367 -5.579902407429604E-002
         368 -6.818325393094860E-002
         369 -8.237509128358396E-002
         370 -9.893816775577172E-002
         371 -0.112606167333942     
         372 -0.123796594600550     
         373 -0.133225022387367     
         374 -0.138194761486039     
         375 -0.146390528741832     
         376 -0.157057965518625     
         377 -0.165233846087948     
         378 -0.177141837407240     
         379 -0.189796210777470     
         380 -0.203687156599059     
         381 -0.214520571186075     
         382 -0.227138948024118     
         383 -0.237339049081060     
         384 -0.250868599146814     
         385 -0.266284672157891     
         386 -0.280026957246682     
         387 -0.291259122289743     
         388 -0.303980037538719     
         389 -0.317232552417756     
         390 -0.324994019784356     
         391 -0.333923380813802     
         392 -0.340753620446752     
         393 -0.346830688162361     
         394 -0.355169722891748     
         395 -0.360106656423734     
         396 -0.368919940948463     
         397 -0.377136528814814     
         398 -0.389850546755987     
         399 -0.403652254893218     
         400 -0.418494979404692     
         401 -0.432922713755599     
         402 -0.443558104700689     
         403 -0.448546225132779     
         404 -0.454697978157500     
         405 -0.463629335084342     
         406 -0.476879820186337     
         407 -0.492487913510616     
         408 -0.505777632715490     
         409 -0.521787561050768     
         410 -0.537281119635250     
         411 -0.551214550831173     
         412 -0.563040458985607     
         413 -0.575299347400577     
         414 -0.590670585459995     
         415 -0.607770342439089     
         416 -0.622579353616884     
         417 -0.634425364973117     
         418 -0.644985375982716     
         419 -0.650352899374463     
         420 -0.656506181403790     
         421 -0.664064469421723     
         422 -0.669209870342656     
         423 -0.679311818795506     
         424 -0.692317453746739     
         425 -0.708916456366761     
         426 -0.724305309392968     
         427 -0.742038750245073     
         428 -0.753091495177016     
         429 -0.764131921633618     
         430 -0.777655196837697     
         431 -0.790274377640264     
         432 -0.804840231947483     
         433 -0.822041829540135     
         434 -0.838215307911000     
         435 -0.852896196126992     
         436 -0.869018827355190     
         437 -0.883362808383433     
         438 -0.893346520613346     
         439 -0.908115517331199     
         440 -0.921801178471410     
         441 -0.940470322852111     
         442 -0.956319188954808     
         443 -0.968090739922009     
         444 -0.977654847194063     
         445 -0.982371049263764     
         446 -0.989458759271048     
         447 -0.995643438321909     
         448  -1.00393158077795     
         449  -1.01700681708093     
         450  -1.03518030008635     
         451  -1.05230702642097     
         452  -1.07036786388837     
         453  -1.08203607470475     
         454  -1.09061524641152     
         455  -1.10109706325414     
         456  -1.11504711507078     
