#CYCLE AVERAGE PRIMITIVE QUANTITIES
     1  0.116088E+01  0.100000E+06 -0.185246E-03 -0.446158E-04  0.000000E+00
     2  0.116089E+01  0.100002E+06 -0.862259E-03 -0.212016E-03  0.000000E+00
     3  0.116096E+01  0.100011E+06 -0.398566E-02 -0.980497E-03  0.000000E+00
     4  0.116127E+01  0.100047E+06 -0.168206E-01 -0.414039E-02  0.000000E+00
     5  0.116251E+01  0.100197E+06 -0.682358E-01 -0.168174E-01  0.000000E+00
     6  0.116739E+01  0.100787E+06 -0.265030E+00 -0.653555E-01  0.000000E+00
     7  0.118663E+01  0.103120E+06 -0.118787E+01 -0.276974E+00  0.000000E+00
     8  0.230278E+01  0.263651E+06 -0.246536E+01 -0.443714E+00  0.000000E+00
     9  0.193382E+01  0.206557E+06  0.325165E+01  0.930706E+00  0.000000E+00
    10  0.169797E+01  0.172146E+06  0.407933E+01  0.112373E+01  0.000000E+00
    11  0.155434E+01  0.152100E+06  0.335851E+01  0.107896E+01  0.000000E+00
    12  0.143446E+01  0.135926E+06  0.281838E+01  0.885981E+00  0.000000E+00
    13  0.134796E+01  0.124588E+06  0.214072E+01  0.739852E+00  0.000000E+00
    14  0.128386E+01  0.116370E+06  0.157501E+01  0.683320E+00  0.000000E+00
    15  0.124076E+01  0.110938E+06  0.870857E+00  0.549946E+00  0.000000E+00
    16  0.121696E+01  0.107970E+06  0.291608E+00  0.402421E+00  0.000000E+00
    17  0.121073E+01  0.107197E+06 -0.168663E-01  0.358292E+00  0.000000E+00
    18  0.121329E+01  0.107516E+06 -0.310965E+00  0.297580E+00  0.000000E+00
    19  0.122111E+01  0.108488E+06 -0.454736E+00  0.184500E+00  0.000000E+00
    20  0.123276E+01  0.109940E+06 -0.554680E+00  0.229656E+00  0.000000E+00
