# variables: it residual
           1  0.451225965363659     
           2  0.449515835571984     
           3  0.445648011067161     
           4  0.440660466644009     
           5  0.435072738500330     
           6  0.427389674767542     
           7  0.418105986349745     
           8  0.409716848912946     
           9  0.402636538729558     
          10  0.397119693024397     
          11  0.390908338163357     
          12  0.385596114506008     
          13  0.382347519197269     
          14  0.380570982111130     
          15  0.379665962716387     
          16  0.376344733174637     
          17  0.370108799248211     
          18  0.363463932156770     
          19  0.356991965836039     
          20  0.350481952543730     
          21  0.344003851809065     
          22  0.337223012413210     
          23  0.330750296403923     
          24  0.324856395622768     
          25  0.316849072268734     
          26  0.307194766303949     
          27  0.298387770174367     
          28  0.291547239707855     
          29  0.282648783006280     
          30  0.272130624989784     
          31  0.261540377650013     
          32  0.250333511669612     
          33  0.240433482991552     
          34  0.230190453865424     
          35  0.222068534507876     
          36  0.212492102636399     
          37  0.202010152618085     
          38  0.191453012609316     
          39  0.180821003797591     
          40  0.169697735456557     
          41  0.159222708284421     
          42  0.150018719932390     
          43  0.142627849271906     
          44  0.136518632703883     
          45  0.130272753114619     
          46  0.124201506189744     
          47  0.119250146652718     
          48  0.116792835720898     
          49  0.115596738035642     
          50  0.114546411205027     
          51  0.110622942358338     
          52  0.104965029112058     
          53  9.763665694289074E-002
          54  9.129431911364747E-002
          55  8.457649856971595E-002
          56  7.765252723479733E-002
          57  7.179418178473364E-002
          58  6.611500663863994E-002
          59  6.118878914920194E-002
          60  5.529616818373172E-002
          61  4.928066124217439E-002
          62  4.225753497580132E-002
          63  3.480455462952195E-002
          64  2.626350856703999E-002
          65  1.782193194835812E-002
          66  8.836533739952555E-003
          67 -8.057030811080324E-004
          68 -1.157260745439657E-002
          69 -2.403749307579682E-002
          70 -3.701328094502061E-002
          71 -5.005246286752728E-002
          72 -6.276073389669971E-002
          73 -7.464740674729133E-002
          74 -8.654211766192167E-002
          75 -9.908390319559196E-002
          76 -0.112398719471861     
          77 -0.125614471452495     
          78 -0.138389003041090     
          79 -0.150172469497760     
          80 -0.162240171457872     
          81 -0.173958408738041     
          82 -0.186873955442906     
          83 -0.200010138654089     
          84 -0.212718695667891     
          85 -0.226461972994469     
          86 -0.240739130125765     
          87 -0.254807680081681     
          88 -0.268302752233023     
          89 -0.281160094237049     
          90 -0.292998812891952     
          91 -0.303856800999020     
          92 -0.315010251388830     
          93 -0.326825041007757     
          94 -0.337659986398129     
          95 -0.349529366100477     
          96 -0.362768001095240     
          97 -0.376873388837916     
          98 -0.391328015365365     
          99 -0.406935215213673     
         100 -0.422968164047636     
         101 -0.438920220123510     
         102 -0.454557644858237     
         103 -0.469512100299535     
         104 -0.484023452991538     
         105 -0.497112016016962     
         106 -0.509498874078698     
         107 -0.522062590398210     
         108 -0.533984066905467     
         109 -0.545852360637583     
         110 -0.558261544519816     
         111 -0.571335052958388     
         112 -0.585544986093135     
         113 -0.599025690846970     
         114 -0.611070081867339     
         115 -0.623397563193173     
         116 -0.636793202020915     
         117 -0.651446909292203     
         118 -0.667188103862568     
         119 -0.683423084303815     
         120 -0.700941898750782     
         121 -0.718705786522347     
         122 -0.735700078178764     
         123 -0.753575249573577     
         124 -0.772335787546400     
         125 -0.791390288003093     
         126 -0.810934068094838     
         127 -0.828169120288798     
         128 -0.843535395585379     
         129 -0.857042244127998     
         130 -0.870261081612549     
         131 -0.882684301794321     
         132 -0.895247733446673     
         133 -0.908784106427981     
         134 -0.924489604832921     
         135 -0.942091695461022     
         136 -0.962162387922357     
         137 -0.985261097227596     
         138  -1.00815674479709     
         139  -1.02991213325601     
         140  -1.05010196713006     
         141  -1.07160114280339     
         142  -1.09419560312745     
         143  -1.11910707418689     
         144  -1.14464581485170     
         145  -1.16948782102176     
         146  -1.19256680967202     
         147  -1.21492318407514     
         148  -1.23854466575079     
         149  -1.26360938565247     
         150  -1.28939730484037     
         151  -1.31503330655440     
         152  -1.34062300766080     
         153  -1.36918333893119     
         154  -1.39848160239342     
         155  -1.42748415327144     
         156  -1.45775563744936     
         157  -1.49054558917109     
         158  -1.52449420271696     
         159  -1.55901663818767     
